1147
1412
-875
-1895
405
1418
-452
1430
720
-594
-1019
-401
-1151
555
-348
-903
1489
454
-447
106
290
-1494
-1144
-1879
560
356
30
-1997
1139
-393
-1842
1004
-735
-1859
-1887
1377
-1968
1660
939
-1834
-1735
-1952
-382
849
-8
122
1322
641
-720
1301
-372
-1172
1708
784
-763
276
-1985
-259
-422
-1146
-1523
1398
-150
-385
1219
695
-644
1306
-1216
-1573
22
1754
1335
-1130
911
-1295
973
-372
-451
1067
-1059
-883
1064
-198
-1861
-1458
-576
-1090
-1258
1349
-887
-1007
54
-1215
-268
588
1924
67
-1270
-1895
-1207
-99
1281
1783
1967
-219
561
-445
1828
981
1856
393
-100
1379
505
-697
1174
-1576
316
1146
-1545
1872
-209
1032
1587
-467
1745
-1751
-1078
-137
15
1714
-146
-1324
-1168
191
-189
192
811
-1827
1952
-1879
-1512
-815
-1422
74
260
-440
1855
34
1118
-1091
327
-336
558
-1760
-729
-1394
-1082
1993
1464
1574
-1680
-1479
1300
-1803
-1818
232
600
187
417
1873
-1115
1436
-1047
-1034
97
-1673
-628
-591
1978
-1824
-822
953
683
-1509
-852
-1491
-1033
439
1716
1888
-1678
293
496
-1599
1950
-1676
-279
517
179
587
1304
-429
1112
-1182
1751
-1236
-1778
1885
1909
-874
-659
-155
-1885
1027
-1755
709
-500
962
70
1598
-1150
-1854
827
-1561
-77
1567
337
325
699
554
886
-285
82
-1607
-1539
1550
1350
424
1085
848
-1021
-1910
-1031
-1849
-881
-1808
-421
-1215
-686
309
601
-362
339
-317
-1959
-1599
-1954
-506
-527
60
832
1612
1991
1656
277
469
983
-810
1753
1820
-1229
1669
315
738
1604
-1960
528
-269
783
1091
35
-1929
-781
-1774
-1430
-1448
1391
134
1684
11
832
1645
-1026
-1987
-248
-1731
229
1051
1675
332
373
-802
1650
-369
288
-1359
-1486
-1875
1771
-704
1511
-1152
-798
-545
-135
-1401
-852
-1004
-799
1898
-423
-350
-1467
492
-9
-717
-929
1638
1700
-1535
-1732
1670
-1026
928
-1440
-285
-618
652
1318
-613
-1244
683
-1243
-1013
1939
607
-81
1034
1501
1547
1875
-862
817
734
-1278
588
848
-1504
-1938
-312
1112
-1448
-914
-714
-616
-1128
-1089
1588
-606
807
-667
1140
-1090
-87
1327
-1128
571
812
984
-1235
-1664
-1071
-1623
-1502
-1727
916
-133
1155
173
-1702
571
-1770
-1116
-1161
1159
593
-314
-487
1588
1814
71
1589
626
-819
158
-116
-1689
476
1373
-1031
1656
1349
1083
1114
1479
92
-1972
-1608
-1739
1891
1618
-1580
-1688
-1339
1645
-816
-1016
395
-339
1752
4
414
-1911
-1973
1650
-1158
-824
266
243
170
-1475
411
340
-1658
1840
-1222
-1807
-1306
278
381
1012
-510
482
1219
1659
-984
1013
1816
1784
-296
818
-1177
1361
-417
-660
-1571
232
-722
1120
437
1910
-617
831
1766
624
-1692
836
261
-85
1396
1892
1528
-1989
850
-1533
-1639
1591
915
-1918
-637
1177
-1908
-1034
1468
-511
1006
-1739
190
793
-737
-534
-1981
1011
-298
232
-1715
1295
851
-550
336
-487
184
-871
-1731
335
-88
-1129
1067
991
-1189
-360
-1724
1103
-133
448
-1367
-713
382
1895
1891
-728
-1792
1897
455
-336
-804
27
-1019
1397
327
-1128
366
479
425
1561
63
-1325
1080
162
782
633
1715
1625
144
639
-935
-750
-1980
-1610
547
-314
-1536
-1126
-604
-1694
-1706
-16
1756
1244
-254
968
-1069
-512
275
-1087
1528
-88
-1645
-1909
-330
-246
-1419
1928
-1488
1035
-1862
-1876
-903
1201
864
-956
-1486
1079
648
691
-1791
-1735
1762
-554
-1974
-689
1943
-1175
1005
-1737
723
1091
-1989
-437
-1363
-1443
598
1905
-1804
1072
229
1873
1719
-997
-783
-255
1617
484
-1601
-803
-1072
918
1033
-1166
225
456
763
-1255
505
-1602
-473
385
1570
1289
-1146
1637
-1408
1578
-1204
-36
351
-523
-1274
-784
-229
1328
-1901
-1434
-948
1753
860
1852
588
-473
-1423
433
-1435
1449
-1054
-323
-388
-469
-873
1249
1012
-1640
1484
-966
161
985
-244
847
10
666
-1912
-694
-486
622
1780
-1148
-221
1865
-1697
408
-881
11
-1074
1401
-1308
1853
-1548
1343
-109
1395
1519
829
-1698
562
-1823
46
-1948
715
1673
1966
1066
389
-610
709
-1913
-295
-1879
1758
-916
279
-1988
-1322
-1362
-122
1938
271
1745
-1880
-413
1412
-1517
-261
-1724
375
-269
-260
-678
-602
-1252
1479
1145
-1827
-1486
-1383
-1955
-380
-1737
822
1860
1049
1466
-345
-1786
-103
1596
-1797
1746
-1033
705
-402
134
847
-432
-1241
618
-1420
-633
1754
394
-1371
318
783
-722
-1089
309
-422
-1832
460
-227
-695
1018
569
608
-1188
-975
1157
1615
-754
-1406
-1355
-58
-1805
-49
-1020
-3
-1510
-171
1112
-1170
17
1317
16
1437
-889
-642
89
-1047
-1972
356
-1728
-530
-1739
-577
257
949
-1796
1618
1214
-39
-763
-1579
-116
-938
1179
-1614
-473
-1905
472
-7
1382
-1604
-125
-1632
1609
-1745
1012
-133
-1137
-671
-1261
-1644
-1468
1214
-1441
935
759
1482
1002
28
1737
-370
33
1793
-127
611
-246
-285
1981
1914
-1658
-1718
1988
-1083
1398
815
-1962
1542
441
-934
676
-1358
1043
1148
1692
-1280
-406
-91
1277
-940
810
131
-759
-1757
1032
1625
1112
803
-860
-1193
425
-1583
-1305
-420
-748
-1410
-532
452
-38
-1962
-1797
687
-674
1774
-464
49
-1331
-1398
1243
-1809
376
-536
1120
-1444
1987
-756
1470
848
1589
809
-1811
-1662
784
-1751
1824
770
922
-1223
-533
-10
-710
-748
1054
14
-833
-1493
1838
38
-1990
-339
-1995
-1192
972
-1703
-144
1115
1913
-1251
1670
-772
-1412
-951
-87
-1417
436
-107
1429
-174
28
-1428
725
-1898
-1895
-1068
901
1547
460
-773
1458
-1777
231
384
1277
1139
1916
1786
958
-1070
1073
809
-827
1519
1264
663
732
-1110
-1861
-1877
-151
-1666
1885
394
752
858
-1701
1162
724
-1894
-791
1076
-1122
-511
792
85
758
437
-466
-1055
-1298
-1320
-786
-379
1919
670
502
1384
1450
656
-1912
1725
-671
-709
1376
1991
-898
1109
324
553
-1520
1998
-1031
-1879
1175
-625
-14
1440
-1435
1875
1636
-1086
-828
414
-1195
-1148
310
-931
946
1518
-808
-836
1695
927
-608
94
458
-1001
-1147
-804
889
-1306
1373
-963
-31
1262
-1919
974
888
791
1549
-1057
898
1903
-1052
-1222
968
1211
337
1536
552
1407
-1880
578
1509
-602
1898
-487
510
495
-633
-1086
1885
1172
-962
1082
198
-1608
-1184
-463
1167
-532
1971
270
718
158
-1646
-1825
-307
-866
-78
-933
667
750
-289
503
-1155
-58
1733
449
-1790
1217
-1462
-388
-204
1800
760
1912
-1015
-295
-39
1677
-1415
-1804
-229
-748
75
33
-557
-1854
1064
417
573
802
1041
1999
865
750
1323
1235
-110
-982
1432
-733
1041
-803
98
694
-882
332
1137
-377
558
629
732
1570
-312
805
-1828
-1906
905
-1194
1467
-1737
-681
617
652
-618
979
-676
948
32
1367
488
-155
1288
1343
345
140
-430
965
-1173
-672
85
-796
1533
1851
907
-1794
-1643
-1562
-488
-519
-1136
716
629
-1948
-1116
656
1400
983
148
1147
1122
152
1774
1421
772
506
-1691
-1099
1007
-224
-1593
-1892
1527
-1280
-1702
955
-478
1218
183
-883
-1997
167
-1725
254
-1074
935
390
-861
1671
-1485
-1526
1764
-1268
-391
1842
1396
-1909
-155
1108
-1247
-959
-796
1237
-313
-1951
-956
-1761
799
-1027
-584
1985
1588
-397
-360
67
-1482
-1513
-316
357
-953
889
-1303
-1261
1011
883
-36
-1913
93
818
388
1563
-11
-738
20
-1847
293
-793
534
-383
-789
-1458
1091
1990
-1792
-371
942
1157
-265
-1372
1377
979
-415
1601
350
930
205
-1525
-216
384
1198
491
1435
-531
1940
-360
-1867
-1098
-644
-355
1368
-13
99
1577
-504
57
470
-1709
1038
-1668
933
1064
-1505
-411
1365
-493
1111
-724
629
-1625
63
51
1833
1420
430
318
-670
-892
-245
1170
78
-1480
-1936
1929
-373
-1628
-1686
15
-489
-1669
-1315
1821
-316
-552
324
48
199
291
439
-1372
-817
-1091
1957
-686
-1742
-1816
64
-189
1219
277
1305
432
1792
427
800
888
-1560
-1295
397
-1059
1642
-584
-1891
379
-296
-1208
1044
-122
187
1445
-1279
1407
1696
1790
1151
-910
911
1747
-1193
-849
-228
-96
451
3
-1130
810
-1554
-685
-131
-828
503
1909
-1774
-1090
-1100
1130
-1402
-341
-1998
1564
-332
1262
-677
-16
-1814
129
-751
1159
354
1569
-746
-105
1616
1497
1774
-543
-812
1353
-900
-113
-401
-526
457
620
690
-1759
-1020
1759
-1007
-1642
-1661
-1690
-937
945
-569
-1525
627
632
-1954
-763
1745
-1786
-1279
526
1731
-1037
1214
-1124
669
1148
336
-161
-1151
1839
-1782
1270
1551
-1546
-1485
1454
-418
-1155
842
183
1224
481
203
901
415
-1065
1546
1856
-1315
-1225
-452
-1656
-70
-1597
1494
-406
-969
1367
13
1303
-1577
1871
-1348
-761
1613
-1937
419
-151
1903
-77
1324
-1979
970
212
-406
1809
1040
436
954
-916
653
1734
587
-678
920
1053
1274
413
900
1839
-1322
-628
277
-283
-381
1363
-465
1282
-1958
-1754
330
-1491
-755
899
-509
-1955
839
931
1420
-1407
-1870
-131
-1372
649
1811
1624
1793
-204
-1904
-150
1321
1591
-1455
625
-161
-1690
836
1037
59
1602
-1254
-1639
-909
543
-1328
-1468
-907
1905
-504
400
1367
275
-331
294
1125
-493
-490
-908
1561
1405
-1415
-1915
265
1890
1569
-1093
1370
37
1922
1259
-237
1507
-1815
181
1196
-36
953
542
485
1346
848
-1172
-1229
1501
968
-611
-971
1368
153
-540
-827
-1300
1755
1058
-695
1958
586
637
1961
-1864
-766
-1985
188
1433
-1750
46
1819
-1255
-851
-61
1687
-1946
1987
73
-250
1652
-850
-620
1752
332
1536
764
1704
-1548
378
980
-1298
-1065
-1745
1131
1169
1808
584
-1441
377
1912
1824
-743
-1597
-1590
399
72
-1234
687
1669
-899
-1133
1836
-1428
-255
81
-860
1647
-113
550
842
-551
1457
-294
-409
-586
-486
-492
-284
855
509
432
1909
-783
1257
393
1538
1828
1666
-1904
1779
1081
-420
190
-1224
-1403
1334
486
-1422
1067
17
1091
1954
-547
556
-591
1579
-1118
1693
-1640
838
-1069
1358
-1757
-606
96
50
1583
-298
1904
-1501
-865
869
1093
1049
76
397
-642
-1336
-263
748
-810
1303
-700
1359
-1303
-104
793
312
791
297
-1151
171
-607
-1786
1239
-235
1937
-1047
91
-134
982
832
1440
-550
1708
-760
1024
-258
-1734
-661
1583
-923
-1771
-1484
-532
-1498
-254
-1717
980
-735
-1799
657
-1871
38
-1883
-39
1552
-799
200
1761
-240
-799
-1509
1932
-746
36
-1646
670
-1922
-575
-322
-1197
-1780
81
1037
-420
992
-774
-948
-297
327
1786
1292
-950
-754
-820
-62
-357
-398
-1542
200
1551
-333
32
-1886
1885
455
-1544
-1157
1678
778
1224
-1042
468
-1613
-252
-1536
-540
1218
289
-854
337
-1450
567
-1100
-1593
507
-79
-1667
800
-1600
-43
-937
-1178
-1529
-1878
912
-794
-1995
-1973
-117
1389
-1527
-1785
-532
2
1801
-558
787
543
-1704
1068
1792
1358
1573
-84
-75
1212
668
649
-359
28
-673
708
-872
699
-1136
1333
-1560
443
-1051
-688
486
-178
1534
-172
-641
-431
210
-1808
-629
994
-859
-974
1939
608
-1545
45
787
1758
694
487
1883
-861
-429
-1571
-81
-1471
-782
-141
46
1231
155
-1893
1520
-1723
1709
-1888
1641
1524
1490
-1039
394
1472
110
-1051
-185
-1924
-1999
-1489
1586
-416
-84
927
-1402
1896
-960
-398
-1856
-52
-1966
-1640
-1368
1688
-774
-160
-434
519
955
1314
-1586
897
1421
-1272
822
174
-1322
890
-1601
-331
-1737
-1979
1590
-1962
-766
1191
1279
-1887
1642
-679
-913
881
-1229
153
-712
-152
1832
1491
-254
1767
-949
-1588
-1740
842
390
-277
81
1887
289
-347
-961
769
781
99
-444
501
605
-1935
1993
1152
980
-1275
32
-1885
889
106
-1470
500
71
1097
-1967
-582
-1471
723
-1860
421
-1629
-243
1985
1959
-1901
-1383
1516
211
-746
893
1726
1841
1215
1010
-919
-1094
-765
-1078
-1865
-1130
-1912
543
523
-1584
-1092
-1804
1119
-653
1441
715
460
-1244
1158
-285
1768
283
945
-1942
-1878
-898
-1288
-1529
777
-356
-1233
797
1154
1476
1179
-1379
-967
-1281
-763
-1909
-1642
624
234
-1206
-592
1703
-1040
-825
-1240
220
-1453
1087
1260
1006
-738
-82
1244
-520
1813
-555
-1431
1516
-82
-1177
1817
-1328
-1344
16
488
-1038
147
1411
104
-1272
407
94
-1015
-1016
1297
-644
-493
1889
-464
1719
1872
-555
62
-457
1447
275
-814
380
1475
-907
-1342
1028
-1070
-1773
437
857
-279
-831
854
346
1669
268
-347
-956
940
-851
-952
1469
754
-921
1919
-995
-1225
131
-1323
-1542
1518
997
-398
1934
-711
-1302
1133
1767
-592
1473
1023
-1589
352
-445
691
-1339
1488
-1168
-935
1232
1086
-537
-1862
1695
776
1154
-603
487
-153
300
-792
234
-746
608
-1701
-1855
16
607
1590
-763
-841
-627
-1790
666
689
-1623
-1843
-40
973
-1497
759
-41
-380
332
906
-1994
-1830
1062
134
-1752
-1149
-1019
-1318
92
674
-231
-977
328
-595
-215
-1954
-1614
204
-211
-382
-326
-1439
-1175
-472
486
-1215
1767
-1789
-1525
-1312
-1424
-36
1206
-309
1254
934
469
-1777
-1887
975
1476
-489
1092
-717
-1417
1650
-197
-1141
-511
-1069
276
1282
-225
786
1175
136
644
-1136
-1661
-832
-542
279
-1434
-1804
1618
-1152
1816
-184
-864
-1329
1269
1388
-330
888
-171
-789
163
1093
-1526
1728
1511
591
-1419
1544
-866
1673
-1819
-1134
-1434
285
-1138
-205
239
-466
1986
-1993
-1601
-1060
-1266
338
-258
614
756
1332
1317
1866
1856
1146
1790
488
-1335
-1951
-1225
229
326
1366
-1719
-1269
-1654
969
-1600
1229
-1763
224
1158
-1273
281
-1656
-1040
-1852
734
1350
-1340
922
1618
-1269
-315
177
921
-1627
606
1217
-1876
1491
-1465
1144
-1383
1009
790
-1414
-1481
-1679
773
1123
996
1803
603
328
542
-1013
90
-228
954
520
-315
-530
484
-1227
908
-1009
-109
-719
-459
178
1544
-1863
681
-1395
611
1245
-104
1179
1570
719
905
-861
-1928
1751
-702
-1036
1029
1540
465
-1241
1079
1406
-683
-1466
381
-1865
428
-1045
-732
-385
-807
161
-1424
-201
465
-185
-1288
-1891
195
-1837
1151
838
-1918
275
-277
810
336
1166
-1629
-72
-664
-503
1961
1450
968
486
1682
148
1946
1415
1342
-426
605
-48
1497
-623
1012
-885
845
310
-597
164
929
-230
770
-812
-1775
-1114
-1544
-804
-1493
778
-684
1895
-380
497
146
-398
-1098
496
-1655
1864
-617
-1607
1365
-1019
470
1260
-218
1212
1236
172
133
20
700
1871
157
109
704
-1841
1069
-992
-686
-353
393
261
1052
215
808
-1938
-483
-1552
1710
-15
705
1195
1558
-1117
1403
-1173
-1061
1407
-671
1123
1027
-1723
-220
1706
-1015
608
555
-1109
645
-768
971
89
-422
934
1285
-1024
1501
-1346
508
23
1309
-1498
1713
-1135
-1326
-531
1405
1362
-794
-1449
874
831
-325
-1315
687
430
440
849
-1338
-1891
1555
1471
1195
798
-1636
-337
1651
-1168
-1916
134
-250
-1655
1385
1580
-357
527
735
-951
239
1702
444
-1815
1474
-1821
768
991
-18
-1025
702
1189
-1980
872
-788
321
-1915
1937
-1117
-1565
-326
-1238
-1389
-118
-48
1930
-25
487
-429
936
-1744
-1926
1382
-822
1840
-424
-1444
-460
1446
-146
-1641
-1566
849
-993
283
-1583
610
-1175
429
1431
1987
1702
-1843
19
61
-81
269
159
-597
1402
365
482
761
-28
-1387
1186
-8
-1527
-658
1238
1889
720
-355
890
515
356
-419
1467
-245
-1635
568
-1901
-209
-994
-574
-1073
-873
-1545
-1422
-725
-888
1898
957
-385
750
1898
-624
1330
-346
576
1098
365
389
968
-1899
-1717
456
-1384
-1249
-628
-455
320
-231
-439
1915
-660
1003
-703
147
-1433
1777
1330
1459
-550
1911
612
1027
-398
-788
-1793
1454
-448
-122
-1028
-1625
857
882
-999
-1834
1726
1301
1926
-158
-1706
165
-1123
-292
-1257
317
1839
-794
-541
289
-1640
-1217
623
14
-12
301
-1665
-1635
1580
-1499
-1171
-1996
-919
1913
809
1736
-663
959
186
724
206
1049
1059
495
-748
166
448
620
-1765
-731
-1968
-1901
-606
-1022
748
-296
-1515
510
-1067
-1835
-1987
1247
44
-311
-586
-591
123
684
1854
-457
-591
-1042
-1560
819
-1013
-885
-1008
-979
622
1452
-1078
-1117
1744
-162
1747
-146
-426
-377
-1943
1356
1240
426
-1738
-1809
1153
-1415
136
1890
-205
1170
1660
1171
-1529
-265
1592
-1022
1682
1518
312
1988
-1341
1265
-1281
-1132
1896
-1901
-1904
-457
241
-335
437
-502
1164
1776
-1060
491
-561
-1608
834
-160
1013
1548
-985
-1785
-417
133
-1663
-69
1340
651
845
480
-1181
-1169
-320
-20
-611
264
1947
50
799
-1208
-1411
492
1205
890
-1006
868
1115
1530
-1718
863
-955
400
-1564
1383
190
-1941
1993
819
-819
-489
-43
-171
435
1274
1327
1152
-1935
1104
-166
243
-1753
641
-635
1159
-1865
540
1405
1617
-56
-77
1666
-108
-26
-1230
1654
710
-1977
1244
242
1021
905
293
467
566
-778
774
1873
706
-1335
1120
-208
238
395
-336
1072
1037
-906
555
991
-1340
-1541
-1098
-1105
-719
1310
-251
-1278
377
1375
174
-480
-1043
756
-1111
-1781
1976
1393
358
1770
-440
-1174
-53
-510
630
-1873
1993
3
979
374
762
1438
-1646
-1577
761
500
-1844
144
-291
-1494
115
201
1459
-263
1527
1426
1816
-94
-1649
1224
-1744
830
1989
-1610
-26
1011
64
920
1440
-1662
366
-1157
-1283
1245
238
-1151
590
-457
1176
1056
751
-1260
-854
-1782
-1439
-833
-1041
103
-1403
-806
-242
606
982
496
141
307
676
1511
-1057
266
-1559
-1807
1809
-758
-87
673
1805
1596
-341
1594
-631
1587
-1202
867
-113
293
-1398
1111
-54
119
485
1114
-22
1112
-1842
-667
948
-700
-487
1122
649
1544
1559
-1197
-1648
-1179
-78
-275
-413
-1939
-926
1538
-77
1323
-1201
1276
-1447
1535
-413
-1755
-1926
743
-1269
-1021
598
-1607
-1462
-447
-402
364
-1990
265
431
-1737
640
1038
-769
209
-854
-1467
-1981
-1609
40
-13
394
-147
-1019
1793
1626
156
544
-563
661
217
-1621
-1605
-185
741
831
-536
-945
1041
-70
-513
-1240
1690
-1258
-1436
-109
210
807
-1331
738
255
401
-1135
-957
1277
1860
920
519
-802
533
-1965
1582
-1166
1850
-667
-847
98
-511
-578
-564
1621
1229
136
806
-906
-1905
-358
670
941
-707
-1142
-812
617
-335
-225
1713
-1601
-1695
-1787
-1293
396
-714
-1862
985
-874
-1493
229
1000
-1359
-1180
1126
1432
-34
1384
1672
-322
-754
1053
1107
1878
-508
1983
319
716
-8
-1220
963
839
-1097
-1649
106
-1900
72
951
-1305
522
1034
-1037
1439
-513
57
-1220
997
-1817
1071
511
-892
1443
-281
1909
-1259
-1650
-68
257
-432
1983
1488
742
-129
-1125
-1623
-221
301
-1765
-714
-181
62
54
1264
-635
-1864
-1941
-1381
-803
-513
-1171
-1108
1029
1087
1546
1444
-181
-1118
-1254
1242
-1896
33
1153
-618
-1917
535
673
730
1328
-175
1311
-1381
1512
-1150
1871
-627
-1227
-141
-1025
254
-198
1304
414
1400
526
797
-1689
1770
-1773
671
1166
1120
1079
-1001
-603
-818
1766
1041
-1717
876
490
-933
146
1307
1440
-1351
1099
518
-1832
-619
-1904
1284
-1783
147
1102
825
942
-1533
1709
188
1409
-112
1374
-1804
1811
1141
-352
-773
-795
751
-1874
-1660
-1818
430
-1431
-391
1545
-1083
797
-1539
-159
1056
-1582
-239
1981
597
1394
1010
-230
1748
-1006
95
457
120
-1474
696
1855
-1793
-1210
-222
-78
790
-1889
423
-361
-690
-1961
826
-619
-1653
1817
1368
-1115
1306
-1223
-118
1129
-894
-1220
551
1926
276
-761
-1482
383
-227
1859
-1774
-1905
-6
-438
1286
803
874
401
279
658
991
-1551
1953
-295
-1138
-749
1369
247
1767
-1288
-1134
802
-98
-670
-484
933
1287
387
806
535
1921
1344
-700
-616
-1815
257
1100
-1718
-721
152
-486
-1814
-27
107
-1069
649
-1804
-833
230
1996
-1431
387
-1650
-1700
1997
-105
-171
-1333
-1518
152
-941
-1852
489
489
-1068
1005
880
1662
407
124
-248
8
-1262
1427
-539
248
1587
-1607
1119
1106
-990
1335
-538
1488
1986
396
-302
-1457
-1354
-1363
1112
-1990
1760
732
-1672
754
196
803
115
1911
76
-915
-325
-1675
293
-702
578
-1619
-1178
-515
-1580
1215
880
-1300
-703
-591
-79
-1148
-718
-1569
451
-994
1373
351
1841
881
1972
-17
1978
1485
311
573
1806
-79
1514
1043
-1067
1578
-1439
1214
79
1193
-297
-1671
1014
-1152
894
1019
-865
-1672
1521
-1863
1568
-1550
-442
1529
-981
984
1343
-1068
345
1407
-1121
-1689
1698
-1828
-1991
695
-1560
-1120
1508
-1698
1875
-975
-404
-1546
1847
-1146
1794
-415
1937
606
-333
-1613
-1679
926
-138
1372
-142
-698
-674
1110
-380
366
-241
359
75
-894
1230
1299
-32
663
1521
-1310
-555
-183
-1290
1481
-938
-558
1328
-488
-1557
1897
-1765
1344
-1094
1397
305
-578
-1431
525
405
936
865
-723
-52
978
-978
-1673
-1109
-547
195
1251
-1844
30
1562
1636
-102
775
-103
-1703
1580
1428
1808
13
-1585
-1709
-961
1996
123
561
-459
-1118
-1785
989
-77
-431
-583
1148
-1010
1838
1494
712
-557
-1639
-905
-1531
-1530
1368
-36
1122
-1597
111
-741
-696
261
-675
1105
131
1892
-266
-711
-1207
249
-1447
-1350
395
766
-595
1786
56
-1808
-1411
241
-1240
662
684
1496
-1812
-68
55
320
-688
-1096
966
1215
169
-115
751
1286
-799
45
-761
-274
-772
-1510
1093
-16
-1466
1349
1973
1459
539
-360
-1994
-800
-942
1679
-239
-1934
1703
-1248
-1482
-662
483
-1701
1461
-1122
1739
-851
-1291
-1871
258
319
-1900
414
924
-5
1468
-1682
1888
-1714
-98
1737
-520
617
1774
-471
-1096
1250
-1925
650
-1591
407
1193
221
-1711
914
1453
572
1921
-1464
292
-1320
-1317
1436
-656
-147
-291
1185
-1967
-1128
-18
860
1500
1279
996
519
-1862
302
1168
-1742
1791
-510
1895
-795
836
-1890
-1651
-1920
612
1211
1312
-189
1393
-835
414
105
1712
-1600
-620
-1105
-169
1297
-603
563
-1343
601
-1421
1816
1612
-12
-979
-1979
-48
576
-1804
-1203
-197
-815
1292
-215
-115
-575
-1028
609
-722
101
-1823
-1013
711
1146
-651
778
900
-98
1464
-1673
-605
924
1784
-35
761
1119
99
-1570
674
1735
-474
-77
-510
-422
256
-1295
-291
1457
1896
1255
1552
1267
1207
-572
-1718
672
1268
-1099
-1878
-1053
507
684
310
1291
-1527
1532
437
435
1670
1089
-790
1628
591
1213
-243
1340
1982
-1220
-1689
1200
-583
-1671
1195
1421
-268
-967
-1812
-1900
676
149
798
-316
1058
-842
-1395
-1142
-1705
537
84
211
1226
-878
539
-862
1923
-1492
1808
-1060
-453
-658
-416
1600
-349
1850
-1774
-363
-691
111
-799
-1732
-1894
1582
468
-827
801
-1415
-1860
637
-615
-1705
-1847
484
-1917
-1451
1353
957
-1737
1254
-706
-1314
-502
-1269
-1893
-153
1817
1582
-1253
-1776
-332
-920
-1410
-805
1322
3
-1312
713
-1876
-167
-584
1225
1345
-965
586
1866
-58
814
-1303
273
63
-241
749
-26
991
1815
-1204
-663
368
-582
-455
546
735
-1366
1878
22
551
376
1878
-875
120
282
-1836
1169
-1020
-1944
-598
1961
-26
-1599
-241
-1405
-1585
458
719
408
1454
-298
-56
360
-1477
-414
191
-1809
-159
-201
317
1712
262
-846
-342
-243
1304
1408
1764
729
-267
131
1116
260
-1481
82
429
790
-1734
1820
-358
151
1771
-1107
-1470
42
-977
1065
-1181
1402
-594
-1003
-312
589
-902
1045
-1744
341
-512
-1168
-803
37
1385
-721
1397
-1951
1197
1957
441
1742
1525
-1751
1472
1448
-1301
734
-497
-1582
1696
755
-9
968
1946
-186
1995
273
-680
-1788
-1540
-719
612
-180
-1997
-1222
-1932
785
714
898
-1668
-706
-1561
-1905
1523
1107
534
79
928
-978
1698
1285
130
389
1296
-1443
1657
1904
601
-959
1684
-252
-1951
1380
-456
-1799
-1224
1083
-183
-595
-1427
652
440
289
330
-1794
-1815
-31
-944
1520
-448
385
432
837
1160
-157
-1726
733
1088
1525
-90
-288
1826
280
-1099
1651
1968
-677
1026
-1108
93
997
1939
1058
-1098
1330
1462
-578
907
-75
1698
206
766
-965
-341
24
519
-1456
193
140
-1023
-1605
1190
-462
1269
-444
1386
1026
1
-1001
805
882
-1276
-1888
1296
-1110
712
-299
1024
1683
-1619
659
-768
-1202
-1618
193
-470
-1310
-1998
-15
-95
-467
722
421
-818
-1733
994
814
502
-908
61
-433
276
912
-15
-64
-648
-1882
-764
-1842
-1157
-606
1890
-544
158
84
-476
821
-386
-219
1279
-23
-1546
37
-122
-1385
1202
-960
92
471
715
-433
-454
-536
1187
1226
1529
905
1279
-773
1149
-830
892
-1330
1791
800
-529
1700
21
797
477
167
1791
1309
-716
728
-1711
1428
-1916
1924
1112
-1498
1118
1013
459
1799
1927
1989
-1680
-1024
-872
-1587
807
1619
1430
155
-1129
22
425
-510
-1741
-613
-261
-821
1193
1552
15
1258
679
-30
1979
-309
-1398
-3
-1405
1355
420
782
-1997
-541
1065
1609
-231
1791
-265
-474
189
1805
543
-570
-1026
-1135
-1484
-1484
-1045
342
463
1511
186
-1250
92
644
-1080
1658
-1307
-1056
1774
245
-1351
578
1532
970
-1863
-345
1717
87
959
-1120
1862
-887
267
-106
1444
1270
395
-531
-1599
-470
1318
230
-1557
89
741
-386
-799
-1068
478
-204
-429
-1386
-801
1544
373
1726
1972
-929
1599
-1673
-715
-573
1796
1074
46
1607
301
-1003
1964
-344
82
-851
-1343
-1713
628
127
53
-140
282
-1571
-1463
60
-1947
-972
1160
-1950
-1134
161
1325
-172
1868
-1276
-1237
1748
1996
1004
1917
-737
558
-1710
427
1419
177
-1502
245
-695
1322
-716
-929
-1814
549
537
-262
-1667
-454
-1359
-1398
182
-248
-871
473
-1461
-559
-255
-713
-584
-1487
1564
-436
-1950
-197
-1327
-100
1016
-526
-1490
1078
-266
290
-1284
-647
-477
1753
1901
708
1595
-187
-814
-1352
-1465
-790
585
619
1447
-416
-460
1548
-47
71
-1595
-1298
-1005
1576
1045
-460
-1419
-1814
1620
-1609
1562
366
1338
439
1413
-1849
-1796
-1125
-999
1721
1562
1990
1368
1325
-490
-1159
781
1678
-801
-641
-987
1859
1195
-1128
-1225
1193
1411
550
-1499
-1843
-1640
1358
1306
-93
-1453
-1813
-205
933
74
-1579
-357
747
-1009
-1272
975
1668
1922
405
-1696
-849
1319
-1662
-74
-744
562
-578
-879
1266
-513
-1051
-1237
-1011
1086
-1396
-902
-971
907
-1494
-910
-409
284
-1148
-954
496
179
51
1806
-285
-1517
-653
-1307
-105
400
-1685
-1398
-805
-1345
1364
-1082
1207
12
-665
621
736
1483
-56
989
1463
-762
-1943
164
1728
-875
-1156
-610
-1478
-597
1241
-1701
1919
-1459
648
223
729
541
-852
-93
1343
1493
-819
954
-405
1168
287
-1618
-1958
1442
-1836
-1464
95
-89
-229
494
-636
25
-589
1766
-1474
-453
528
217
-1333
-1774
1608
1299
1163
-1964
-197
-601
-487
-1992
-1475
-1457
1124
-307
66
1873
1198
71
-1916
190
-1184
-44
1812
1844
-568
1100
219
-893
976
-185
1259
1100
-1988
-984
-1177
-1020
1216
1847
-1045
665
763
-307
-1799
-1780
-1004
-760
418
-836
-1232
-514
-434
-1916
-531
15
-1240
1786
63
-1165
-1112
-40
-1084
1586
-1378
-1289
-827
210
1656
-1929
-1237
395
144
-1892
-1732
343
-779
1235
369
-699
1269
-1582
-43
-1972
1892
-323
-644
764
1067
868
1309
49
368
1066
-1682
1761
-1123
-1536
698
-715
-1040
-624
1538
1524
-1537
-42
1165
1946
741
-408
-1811
-1337
-243
-937
-400
1204
1754
-723
-1473
-575
1905
-42
119
-246
356
-1700
-607
-808
-1700
-918
976
51
-542
-1486
-1705
1717
138
-1878
292
-38
-1060
784
317
980
1088
-17
1014
410
-1146
1242
-1300
-992
-1585
-1099
96
1538
-1893
659
-493
251
-1008
-167
347
-366
803
-671
-897
-1389
-1049
-1860
-1803
1212
911
-1297
917
-914
449
-1218
58
-861
-1030
-602
1493
383
568
163
-595
542
199
-1390
-137
429
875
817
-1011
1013
-185
1251
-1778
-1006
840
-1297
1267
1859
-46
-1336
1257
858
-443
1960
944
1202
-630
981
-305
832
672
-443
753
-95
-1475
542
-1024
-109
675
-1642
-1956
1089
1634
665
1624
-138
163
-151
-1038
1427
1176
-448
-1107
635
-1378
273
77
-1205
-84
908
1262
135
379
-1568
97
-80
-1103
1466
1923
-1999
-565
-1140
-196
-1799
-1241
1545
1809
-1853
-1621
1549
-601
80
-554
-870
-1035
535
-927
1949
932
-1773
-558
1966
-122
442
-1443
694
1200
-755
214
1579
-1515
43
1719
471
-1792
225
1002
1847
1741
-36
981
31
-667
1695
1760
827
-235
-784
-317
-1264
266
-1108
432
-768
-694
-1637
794
716
562
830
-1983
-1515
-1400
677
891
-901
1340
-579
-1727
1862
-160
-410
-685
259
1313
675
-855
1222
64
-53
279
-786
-1230
860
27
-1594
-400
399
231
1607
-1220
1542
133
1755
1425
-1470
1836
-1764
933
-1326
-322
-1765
-1442
1029
891
1213
-883
321
-1146
-289
-468
-1876
1457
1883
1296
295
-1273
-925
-85
-134
-1738
-343
993
266
472
-1791
164
1991
1052
-994
942
259
1462
-1255
1082
-1059
-1313
-335
-1632
-1765
-1782
396
907
-266
229
-1189
1529
655
264
-453
-338
-1888
-1667
88
-1067
-755
204
-1300
1685
1912
-159
389
-53
-236
1852
-1115
-150
-1006
1429
-413
364
-1065
554
271
691
-1777
-1753
818
-608
1978
-367
19
975
1220
-1105
1686
-1939
1299
-1259
1984
1207
-967
1326
-107
-1967
1705
1445
-1630
-576
1223
-1616
1239
1317
1016
1786
1644
1462
-1831
1036
516
-1318
1579
1943
1199
-32
-757
-1952
-1495
-515
-1952
808
1376
-1408
1966
-1545
-301
84
1959
613
-555
-1871
929
1125
1521
-1057
-1757
654
-1976
1769
-263
-1498
-523
-102
1543
365
-1678
-202
697
164
212
-1513
1081
953
-1264
291
1434
-624
-863
1798
1169
1167
1250
-430
-476
-1466
-1515
-1905
1306
697
358
480
1458
1515
74
948
-1424
1609
-1727
-667
1682
-624
-966
81
1409
156
-522
-749
1890
-1522
-1948
-354
-436
-1320
-1332
-1323
916
-536
-537
-727
-28
1936
619
-1297
490
110
-667
-707
-1940
-803
447
-1086
-70
-842
65
-833
1052
228
-45
-922
-726
1763
-1152
1069
634
948
-1449
-593
788
-1120
-533
-641
-1278
806
219
42
1795
1411
-885
-1816
-834
1213
1073
-34
884
-1332
-1492
1716
-146
1253
1293
1902
-1738
1765
1178
1929
-959
-650
-408
20
-119
-575
-1370
-56
-1799
1552
1529
549
-1662
-226
-639
-1526
651
446
570
176
1765
1989
1694
-1084
-644
-1067
-1464
1216
1897
-153
1332
-283
324
1171
-1022
-1289
55
1407
-806
-1547
398
578
585
1715
1131
756
1065
-1834
886
276
-1985
1099
-1039
373
-1123
-1660
265
-1498
-472
-1456
712
1821
-1388
-810
840
703
-1173
1902
354
-850
-916
-1252
-1212
495
-1808
-1430
-1823
-105
1160
1056
-1437
626
1347
-317
-1892
-720
1196
-281
-1607
1261
175
1650
-9
827
-420
1423
-848
1421
-1084
1100
1966
-702
-1088
1713
-1536
-403
210
-1540
458
381
-413
-1699
470
-1522
1739
939
-1207
-309
-817
98
1361
1789
740
-582
410
-1643
945
-955
-704
-1870
147
-1468
-1282
656
-1509
1894
-187
-851
242
-1761
-1208
-583
508
-223
-1132
-1447
1242
57
893
1048
681
296
948
-1749
-791
-676
-1771
415
440
-405
-1092
-62
540
-1684
1879
-1782
-737
-1038
-649
1990
-492
-571
1056
1343
-871
-226
-992
-1654
1653
1183
-4
-691
1248
-1715
1510
907
642
-308
-789
302
-141
1781
1224
-1392
770
726
-1859
1094
-462
-794
-1414
-470
1470
-1501
1206
-765
1948
618
-226
1779
767
-813
-246
-1987
1079
1638
-1493
-1104
1364
317
577
-1707
1160
-744
1481
-1423
-214
-809
1908
-1385
-1898
1400
1202
1709
-15
-1715
-403
1017
1675
249
-1645
-439
1277
-1209
-437
124
-1582
294
40
1231
-286
1637
315
-1112
-1638
1063
-350
-1895
1719
387
415
-719
-304
-1540
868
-1339
1524
535
-54
1814
-184
94
1089
1119
-13
336
226
-290
-619
-62
1440
284
241
375
-995
-1285
268
-1449
-776
91
878
1167
1507
1064
-411
-540
-45
132
-152
-1227
-1486
1645
281
1133
-242
1226
-796
-30
-1996
-1257
-924
397
-777
554
-27
326
-54
1890
-1468
-229
-370
-1620
-430
1068
-1052
-975
1879
-537
1348
-897
1812
-197
-538
-175
417
-1861
766
-1090
693
113
-411
572
-381
-996
1266
1934
-927
-1785
1319
-1263
-764
-1657
-1656
319
-824
-1519
-666
1694
-980
630
-486
-727
794
1437
685
952
-1053
1755
-1549
-1650
1321
-815
1113
-1857
-1034
-1023
-588
1884
-886
1038
-520
-1219
1586
-1008
394
1513
-1357
977
1837
-1819
-569
1511
1144
-1257
-1090
494
1673
1941
-1243
1921
-1869
-1585
-1436
-1707
435
566
-767
-1581
65
-1881
-861
591
-895
408
1297
-1047
-200
-1410
1880
1760
-1988
-1127
-149
78
-1531
-547
1445
1732
-1664
1469
-1782
1154
1154
181
-405
1907
-776
-1004
1129
1027
1437
-380
1104
-1218
-1050
-1800
-1147
871
759
1938
1627
1713
-968
974
1790
702
2
-1906
-654
-1423
1268
-1758
310
562
258
499
930
-1218
-852
749
-1072
-1625
1037
263
-297
367
330
-944
1521
285
170
-616
-1889
1434
869
-8
355
1355
693
-961
1482
-1909
-919
730
44
-1917
1433
-674
-1876
1097
915
149
-549
-1741
-556
-285
505
1526
402
-716
-1637
1536
-1258
1029
296
1453
1127
1707
125
1802
-31
-1277
-815
-860
613
535
274
524
1130
1674
-1490
-1559
241
-863
-1490
1658
566
1197
-803
1511
514
1657
870
34
1661
1964
-1029
1152
417
1980
-238
1550
-821
-1712
1386
209
-1942
-1937
1803
-1730
-967
-790
-1909
-109
-1911
-925
-275
1072
1943
-1031
-1468
245
1470
-1391
246
122
1733
-1982
-1796
805
-135
-1091
1765
-853
1877
-680
1337
1958
-67
1941
1051
47
427
-1517
1832
-359
-640
-1679
573
1706
-1988
-1318
-1963
886
-951
-590
-1553
-711
1266
-485
-1490
-1679
-975
1316
154
-650
-379
559
1443
471
-94
1918
-666
1651
-1181
-1095
1993
1200
442
-1122
672
-453
-472
-763
1906
1276
1257
-1361
789
469
1350
171
981
-776
-1010
-316
-1644
930
1086
-406
-436
-1096
-195
-964
-912
-932
869
431
1968
1964
507
926
-1733
-873
-1344
1486
927
477
-1344
1468
1260
-1438
487
-1051
-1930
1454
275
369
1369
1540
-1435
-963
375
-1123
1905
228
-515
-1951
-779
1930
772
-831
-569
-379
-1773
1235
1158
328
1089
-757
-1806
-1395
824
-1677
-1864
-1890
501
1639
230
-1729
-1876
1679
1085
-1124
-1687
506
-956
-1333
1585
883
1528
542
71
-1885
-1247
-953
1290
771
608
488
-741
59
-1179
-1258
765
28
1373
1161
-1387
-1929
1001
-1117
1777
-520
-22
-934
517
-62
-456
-188
-784
1992
-399
-1794
-835
1061
206
-1543
1446
1625
-1711
-1503
-1742
-1119
-1413
-277
1503
1906
1179
411
-997
-1903
-1567
-1425
-148
370
816
1836
1360
1771
433
-189
702
-1164
-60
1055
523
1917
338
-1171
297
1579
286
-1879
-1814
1489
1082
-191
450
1864
-875
-632
-758
-21
-1774
-1511
-1343
369
-1484
-250
-83
-1625
-523
1372
-1217
1865
1334
1268
1013
-867
-239
-1575
-199
461
394
1521
70
-1505
-1596
1899
-1846
946
-657
-1373
-217
-137
-1089
-1452
-1036
266
-839
315
897
1163
-1210
-1085
1143
510
1002
627
766
1339
974
1488
-232
82
89
-592
1194
255
989
-867
1851
69
-1458
1889
405
1355
1965
1076
-503
-336
515
1760
-1361
-756
-1079
1901
1963
-508
644
750
1130
1993
1038
-186
-1332
1326
-849
-744
-196
-155
-1653
171
-6
21
-1291
1590
441
-167
-191
-1459
36
376
1974
-1592
-132
-580
162
748
1245
241
552
-1319
1567
1020
-1643
-48
1431
1718
1105
-66
-1347
292
-1840
1609
1961
-1964
1512
-43
599
438
-1540
1012
-503
-1484
-1161
-1592
-1909
1104
789
918
-1998
-423
-1893
-119
798
-887
1255
1728
1855
-1155
610
-299
659
1650
657
1483
749
-1191
-21
1555
-1198
918
677
571
1052
763
1801
-1772
-1471
-356
69
990
-1970
1839
-608
-1454
1965
418
-57
-1940
1063
1560
1670
-461
-382
-1343
530
-1146
10
789
1283
1380
1038
845
94
152
-254
959
752
-1313
802
1620
-1448
-840
1782
999
-1989
-1368
1808
-804
187
678
-142
90
-1855
-727
-1683
-922
-1769
1420
549
-738
-1550
1851
-720
1231
205
-1858
-611
-1580
-1615
-481
145
1483
528
-1928
-1524
-139
-1903
-1314
1130
-1142
-603
-156
-1562
1111
1432
686
-1799
-778
-1181
275
224
-921
831
-1235
892
-1616
340
1185
-1102
462
-1169
-539
274
1015
-1038
-1229
-171
1838
1093
-503
-1632
1922
1610
-1671
1510
1604
1742
340
-1239
1539
-1221
1390
-928
-315
-1813
1678
629
-412
375
629
1189
-542
558
1832
-758
-1429
-1183
-997
-1962
1574
859
-100
1365
-489
1133
89
-1803
1204
-153
1168
-1502
-1182
-445
-1167
-1334
1099
-1156
1361
-1281
1246
-36
-946
475
-1884
1010
-1318
-1763
-1318
-1374
1926
1361
144
1367
108
-1618
-451
-1292
-199
1465
1340
-1816
1781
72
-953
127
-1168
-1792
430
-1835
-1365
1183
980
-1275
-608
-362
455
-1664
-976
-626
-1126
1274
807
-1556
1696
-578
-915
-1393
967
-1055
-565
-971
271
1364
-1000
-867
-1242
-173
992
-888
-191
378
-432
-1415
-1000
855
-1408
-1285
543
1083
1757
674
-483
1963
-1742
-471
427
339
146
1179
10
857
1701
-1619
801
1455
1997
-280
-1678
1250
339
-860
-1256
-1616
1107
-624
1792
918
-127
751
-480
519
-1098
-1156
440
345
1691
-1010
-1468
-1606
-1039
1142
-1317
-1632
-774
709
1415
797
711
11
1153
-1519
-993
-1574
1064
314
-215
-1975
-450
-410
-937
52
607
1513
-113
897
-1889
298
-106
-1475
1311
-1993
1179
613
108
-1255
-98
-831
-492
-189
1531
1130
-443
-956
1687
1068
1348
1372
-1850
-1081
1799
235
-1418
-880
528
612
-453
52
742
96
1016
-1028
-1455
527
-345
-1717
-1614
1130
325
-1243
1213
-1660
1597
-854
-1388
-1409
239
1664
1825
-1222
509
-721
1007
488
1266
-859
-378
-1892
367
1050
1857
-1408
-1645
1358
-146
197
-1657
-1970
193
-75
-1309
-1003
-683
708
-1984
-497
576
1541
315
473
1106
1881
867
1380
-1974
322
1727
-7
-811
-1291
895
-362
-1404
-562
-1827
1046
1960
-1314
1903
-1329
397
-1601
1197
-1995
-1040
1000
-1351
-1924
383
-1413
80
570
1163
188
-1589
-213
-820
413
-1742
-1490
-1646
308
1694
-883
963
1070
-1175
-518
1365
-1796
117
1428
10
-724
1781
425
3
1235
-1732
-395
-1981
-1147
0
-1527
-575
-1785
-341
1895
1993
-900
-1378
-1622
-784
188
1121
1058
-431
1923
-1269
-1571
-1079
-699
1515
65
1804
703
-1807
-331
1889
-695
-1124
1568
-127
-857
737
-1495
-1113
-1505
-1260
541
-843
1189
1687
-1585
-829
-911
988
-1158
1732
818
280
-1598
-201
-516
70
953
966
1917
-1068
285
-1889
1326
-1298
-1282
141
1861
806
-1602
1810
-601
829
-79
-733
-1254
593
355
576
-1288
1698
-1095
1838
-1665
1250
-401
211
1926
-1607
417
-338
1706
-1838
-443
-2000
-601
-1594
-331
27
1538
1283
-885
1429
291
-1608
-538
-919
-960
576
1257
-422
724
-24
-1790
-1947
-1810
415
1127
-142
-1466
-1191
-1060
502
-150
-1921
530
-1879
23
311
-1751
1119
-317
876
1078
1733
-969
-1286
1120
185
474
-1544
708
1478
-1495
-286
-807
-1637
-637
545
-434
1831
512
122
-401
-652
193
912
-794
-899
-1022
-906
-1571
908
1772
-1387
1442
1236
-1304
-1162
-1724
616
1070
-1107
1722
-873
155
-349
-701
965
577
-290
-408
263
1400
-1041
-1475
-166
-1902
-105
1638
-1344
-1844
-1097
502
-328
-159
1971
595
953
-71
-350
-1002
-885
1886
308
1710
450
-1521
-1952
-28
567
1421
-727
1337
709
435
1517
-405
-1475
482
234
-1386
-1945
1914
-1715
472
309
-59
728
1709
-1051
1582
559
665
-1676
1583
864
-732
889
1288
-1331
831
1509
-1013
886
644
-1483
-1613
-121
924
497
1525
-1668
1755
1829
79
845
-827
-1511
-98
-678
1044
622
-1845
-1612
497
-1832
37
-827
-128
-205
330
-835
-1864
-253
-610
-1222
-177
-1012
543
-1613
53
-566
-1521
1953
1559
462
-688
1355
-1756
-1546
878
460
12
-792
1173
-1149
611
523
1092
951
-859
1025
537
1477
-748
-1179
-1300
1735
-1059
1757
-1608
-477
-1895
1564
692
1005
1455
439
-417
1242
1591
1729
-1478
1698
-1895
838
-1457
-111
-1133
-1119
-1393
-790
313
1850
-102
-1480
1399
575
-1033
-557
-270
-1379
1764
1611
1709
923
1319
-1579
1096
-1677
-990
1999
770
1839
-187
-1776
-769
-1700
318
-1455
836
-211
-949
-653
-609
-753
944
1003
-1244
-1788
260
1457
1459
-1601
-570
-1023
949
-581
-691
-1973
1412
-1321
-548
797
330
1330
-491
843
-1310
-1249
-156
856
1787
-251
-612
-348
987
-330
-672
-1230
-960
-1782
983
-875
1634
-169
386
-330
948
911
-1110
389
1865
-810
-238
-1511
1427
1759
492
-315
838
-94
1799
826
1915
1532
454
-461
305
1858
844
-1855
-1458
35
1011
-685
-1788
-1894
-387
1793
-498
1037
513
1045
-1255
1157
-1849
759
-960
-726
-1553
308
-369
57
-981
1706
1705
-859
684
-1517
-187
-1944
1658
-1237
-301
836
1470
-1377
-1603
827
-679
-748
-1080
1063
600
-911
-102
-1641
-1089
-1749
757
-1082
-159
-1077
97
-1191
-974
829
1832
-1227
1684
1272
-997
635
-787
37
1363
994
-1734
-1554
-111
1967
925
1060
-1498
-1358
145
365
1102
480
-98
-280
1879
73
-824
-1986
801
-362
-1918
-1369
-1859
1601
-672
438
-1513
-1936
810
162
-752
175
-788
530
-1980
201
1674
-1691
171
259
-815
763
859
-1099
393
-413
1130
486
-570
-671
881
-126
-610
1339
-20
-1797
-715
-1471
-355
-198
1811
-1576
849
-928
312
-1311
-197
-419
1542
-150
508
-1076
1660
-1488
836
1161
611
1679
465
-784
-704
-983
-266
1812
1994
1038
1496
-1768
1846
622
-558
1613
-945
-328
1464
-1879
-1663
-306
344
-352
-172
136
-772
1442
-811
1377
-564
1681
-1648
1025
1489
-772
-742
840
-140
-771
1611
-492
-763
76
1641
-272
-1448
-674
1055
-7
-1303
-1922
460
-371
1344
1765
1784
-1774
1008
697
-638
-1631
313
-384
-940
-627
781
1119
1880
-1868
1168
-1197
-1852
-1856
1528
1643
656
-1318
-1580
-288
1064
-1811
73
882
285
-1518
-745
-1343
-1866
-99
-837
325
5
-317
238
1802
500
-1721
-1334
1451
1629
416
1388
1417
1977
-217
-907
-151
976
578
1642
-1816
-1073
-1431
412
155
824
1138
1410
-185
499
1053
322
-999
1603
1726
-786
-1404
-397
-542
1707
-1195
686
-65
-1811
1524
1134
1533
-1953
1689
-243
-1157
319
297
-1737
736
-155
-980
1281
-1985
-1725
-949
882
1958
-1752
-1237
1823
-701
-289
1857
-1739
-238
-1227
785
1231
1800
-488
-1593
-1080
341
-454
849
1098
1050
917
311
1733
1383
-1336
984
539
1999
-320
-318
248
1643
-1230
-1650
543
-1465
-1980
1366
-353
365
-597
979
-1948
-84
-401
1271
-1814
-1372
-1845
-700
1101
-687
-1007
-313
-1540
1554
-1430
149
-1173
-1579
347
448
103
-159
-957
-1771
-1499
1343
737
1846
-1932
-27
-366
-177
-1519
64
1144
919
-1032
1950
1814
-1915
280
-650
-168
-1844
1888
-1260
-785
1877
-1579
-1019
922
-233
805
1979
-1728
1238
822
-1763
186
309
1112
-1041
-338
1529
-1959
1241
1237
571
343
1078
-1826
1097
112
-1860
460
-1861
853
1858
1626
-1203
-995
1427
-161
29
-522
-1298
1933
-1341
-1610
1047
851
360
-785
-1058
-1054
324
1665
-1398
-916
-1096
1258
-127
296
1445
1880
822
306
1511
383
-1296
1744
913
-634
1171
-1904
-378
-68
1486
-1715
-783
1736
-704
-304
578
-962
-1081
114
1830
1453
1383
-833
1057
309
51
1655
1643
470
-261
-1713
-1820
-989
-302
724
-1067
-970
-1798
-1841
-1819
1149
-1458
-668
-844
-1326
1868
309
-488
40
1086
643
1617
225
-156
-524
459
956
-1793
-1840
272
1292
1404
-1243
-633
516
347
1355
-659
-1873
-1958
-222
-1842
-356
-1405
407
-64
-1802
592
-826
-771
977
982
761
-389
448
469
-466
1193
36
442
-522
1288
1919
-18
-678
-1309
-57
-1057
-296
1645
-810
1417
-1364
-1322
1213
-1535
-246
-1335
377
862
359
1349
-1698
-1276
535
-202
1424
78
-48
367
-400
1719
1134
-1497
851
-1658
-496
-1203
175
1556
1120
649
-818
1146
144
528
805
-1829
-1632
1091
-322
780
-1796
-1659
722
1628
1
599
-269
-1564
1216
-1678
868
-1652
-549
1184
876
-1098
-851
-1288
1247
1324
-889
1140
-1123
1153
-1100
849
119
1734
-867
-1854
171
-1620
1609
368
-1871
-431
-1156
1842
-1011
937
1857
1541
-1307
842
-382
-343
493
-1228
-1132
-776
1982
-837
1871
196
-603
-941
-133
971
631
-394
-249
-1415
1698
1972
1970
1627
-1185
-392
-308
-901
292
-1965
-1193
-483
-106
1448
1767
725
-1701
1491
104
-1950
1773
183
159
363
1291
-286
-1943
-1003
1514
799
127
126
-440
1623
827
-1063
1281
69
1908
-1370
-1574
-555
1029
-851
-1189
152
-51
151
250
-1977
-1713
-278
1170
-719
-839
351
-877
-1692
-1727
705
50
532
43
1603
-1055
1162
-600
542
218
1163
-1351
167
1236
-317
1201
1802
-1384
303
1240
1669
-114
-1307
-500
1858
1776
-960
-1215
-942
0
1483
1129
387
821
-1015
-145
-2
-431
-545
1245
95
1326
959
-994
-1710
-1226
-1262
798
1062
1842
833
685
1873
1082
959
-1886
1920
-1748
86
-1124
-1703
215
-1619
772
943
-969
627
-402
1
475
-276
-1665
1200
-1471
21
-472
-582
-412
884
-304
1880
1132
-735
-1168
-240
1764
-1621
759
1176
-1784
232
-210
264
1821
1565
-298
1082
730
-762
1133
-607
-1660
-573
1776
1155
1912
-1216
1530
1397
-958
1471
-469
625
1802
-1021
1348
1206
-562
-1540
-146
-1923
-1750
-150
-1862
51
371
239
835
728
-828
-842
-144
1554
528
-1574
1493
1006
1590
-619
1561
213
1235
198
403
1127
273
189
-883
-1321
156
-1946
875
1923
-1611
239
357
910
-96
280
1007
-1893
-520
-362
1690
8
1411
1476
1843
-1787
-1472
-1913
937
-912
-452
-579
-1140
-1426
1604
1889
1585
487
724
-355
18
-545
14
1196
626
-1907
-1625
-1558
-162
-934
859
-1285
-1169
823
1440
-651
1708
571
824
-1556
557
-1544
1377
600
-1830
1497
-1337
932
-1071
-1222
-392
117
1127
-732
-8
149
-571
1667
1739
1275
-428
1926
176
-871
1108
-141
429
-1822
-283
-668
-348
-1706
-503
-1566
421
-1877
-1887
220
-1602
-167
-269
-92
1934
1474
-403
-1082
567
-1507
1060
-1850
145
-866
981
-1771
-1029
-125
108
-1776
-1716
125
-765
-299
-1337
-1319
-1950
1602
-466
1866
-827
1740
334
1237
-645
-1031
472
-1959
842
1850
335
1625
-944
-407
413
1735
-1403
-389
1952
46
-964
-479
1602
-548
232
-63
1638
1130
315
-212
-1122
-1110
-1750
-1988
-1830
1932
748
1740
-1062
-147
1153
-1804
1189
-900
-2000
767
-430
-598
-696
-630
1859
1710
1800
-1988
1714
978
698
-515
420
1725
-1350
1524
1466
-1186
1012
-1568
-1690
1649
203
-1069
1306
-302
-298
-378
1532
-325
-1466
1693
789
-1925
-1630
-1095
-535
374
-749
211
-1406
755
-5
60
-315
-1018
1664
-722
838
-1319
-121
77
-746
-7
-1284
1120
698
-1060
1645
-761
408
-822
-554
1208
-1621
-561
-328
1753
-1707
379
-1822
348
1972
787
-1071
466
-467
1464
-1101
-307
-1883
-847
-1816
-681
-305
984
1473
1768
-513
-1825
-565
-1752
1181
-1443
-1723
1986
1654
-968
-532
512
-116
-1200
1336
-983
-1555
-1690
-1537
-1740
-159
136
119
-377
-324
890
1721
-336
-1004
674
-1759
-256
1677
-753
1810
1663
144
-537
-426
144
90
-1332
-1981
-862
-1392
-1590
345
-1009
-687
-640
-1912
-747
-1084
-1783
-1553
-18
1359
262
1887
-81
-1623
-342
-1538
-902
840
929
1831
415
1140
-1283
1198
406
1949
126
-1247
-14
-505
1149
-1429
930
1347
1366
-206
457
-1382
368
-928
-840
-574
-1205
-962
-731
-1389
1380
1372
-1525
-1773
-281
462
285
173
-1102
1105
-1208
1121
1730
-1781
1188
1365
1117
751
-1514
-1464
-1381
-320
1573
-921
-1455
845
-681
-1351
507
1435
-1656
53
742
128
-473
1011
-41
971
-1236
-1024
-1829
290
-71
-1845
-1076
995
653
636
-387
139
-1985
-1019
-637
693
-1731
-1296
607
-1605
1184
1239
-532
280
139
-1741
258
238
-1727
-1172
-1052
642
1089
208
588
1157
-577
1503
-1807
1390
-672
-1566
1458
-669
145
187
-1662
1143
-1404
1656
1008
429
1256
1058
-1455
1882
1379
402
-884
-695
-433
-958
1602
-1288
-1681
-1087
1976
287
13
352
-669
689
1809
10
-49
-805
1023
-1423
-692
1385
-1042
-189
1397
-280
801
-1828
-706
1094
931
-1676
729
-1163
1572
1593
1189
-497
-470
-1225
-747
1556
-1674
-1132
1656
1294
-1323
185
873
-1803
-353
906
565
-305
-1137
1238
1797
-593
447
-599
-1881
1502
1472
-1121
-1059
-1577
-301
-1548
1826
492
647
1463
372
-1625
-1169
-227
1027
1611
-769
145
308
536
867
1673
-1582
-1203
412
-492
-1614
39
-616
527
1921
1736
1037
-1577
-212
-1549
-1326
1144
1292
-428
89
-1820
1004
-548
-563
1344
-712
1578
-1212
632
324
-986
609
-141
-458
-1850
-855
1889
561
1747
511
1040
1534
-1242
1342
478
-1607
1900
-1357
-311
1846
-55
117
898
1839
-1031
-1342
-607
-1365
-1647
247
1649
-1524
-445
1579
-1652
724
-512
1513
1889
-1035
696
1960
-1295
1492
-1794
-1176
1562
1529
903
1067
1131
1942
1169
-306
1558
1681
511
-1469
-1693
1456
-1470
1996
1857
-352
1396
246
1271
1826
1886
-752
-1895
-973
-742
-1786
1590
630
1490
1150
1934
960
1447
1006
801
-1697
-178
1176
-349
712
949
-188
843
284
-893
1016
-1269
1942
-963
-1450
154
-1869
68
-1422
1644
-769
924
-1809
-1981
1016
296
1973
159
-1791
1905
241
337
1125
-1914
40
-1395
-954
1948
-1671
509
-319
1206
1039
275
-1216
225
1823
567
156
-1866
228
-610
-1460
-1406
565
251
78
-637
224
719
1297
-184
1381
189
-1059
187
434
312
-992
-325
1270
701
-107
1729
-221
1629
-1261
868
261
179
-1393
408
-1382
1844
-497
-46
877
-1820
1293
-1562
-1645
-220
1252
-1615
-127
73
-1511
-653
-344
1513
-1655
1300
-433
303
1259
1415
875
-1362
-1054
811
-804
-1167
450
-178
-857
-143
1564
-243
-1524
-768
-1465
631
1699
-574
-947
-305
-1480
-677
367
464
-480
-1085
1622
-1013
1143
1462
-681
939
1368
-1335
-1150
186
-840
1207
1416
-580
-1697
889
-1594
-327
1476
1235
-1710
281
-157
395
-1759
1063
-226
-939
978
-456
-1010
874
-965
933
868
1944
-1426
-1389
832
1426
615
-908
1325
-857
-971
-953
1431
-432
98
-966
1674
1603
1761
-1233
-1816
-1179
-397
-1667
-506
1212
-1738
1101
997
-1949
-373
-1659
1352
950
-1534
-734
-1482
1197
-1468
1502
1454
-858
669
-1199
-1310
-1637
-1084
-621
-1230
-1230
-696
-641
1253
531
-712
-44
-698
-300
-273
-1227
1241
-911
763
-1008
-359
-713
-1751
-996
-1745
-385
-50
-1029
401
-1512
852
-321
84
-387
543
969
-401
-1690
-1701
940
1167
-1478
292
1200
-1840
-703
1553
1203
223
1976
-706
1802
745
-1122
-747
773
-738
1739
-1287
208
-184
-191
1198
1685
-94
1914
264
1791
-137
1536
-1842
-742
1497
348
1963
310
-1926
-633
465
-981
1386
1148
266
-618
-1171
622
-1956
1089
824
-1995
-1992
576
-1816
1220
-384
-1577
-385
-1322
402
-518
29
-505
1366
-723
1207
-129
1696
1386
438
-1207
1154
960
-690
-94
273
-168
-519
-276
-207
-877
-880
-1150
-1216
1104
-1947
-506
-419
1514
-1728
-1066
1811
-1315
-972
1662
1541
-1303
1533
678
-872
-1489
1561
620
-713
984
-224
1165
935
533
-1663
1244
-632
-1535
26
1461
517
1891
-45
1867
1816
1840
696
1949
29
1901
-1038
-1368
-943
114
-1887
-1674
390
-1399
-457
-1292
-986
1462
-1293
353
674
1873
-263
1826
-650
1486
1259
370
1658
-386
-1658
-1129
1479
-434
-4
-144
1124
-563
521
810
1677
