-906554904
-1756813229
-1992330374
-464444345
-524339108
-1254773107
-1858253036
341247602
-780749038
2089112803
204996942
-749512155
1345670659
922015025
-1790536791
-1483963972
-1627227244
838968632
274545387
1726271562
1411715795
780011920
1179689213
1859377066
2111795711
1784603613
682191127
-1755446317
-1797644979
1138470976
1122587161
-157673616
-631848471
1770808848
1293261628
-1690739280
-396237510
1840787402
-898593047
-1769953958
1893319786
-826069435
1233541096
2121095459
1082468389
-86459607
-967867203
279136579
1843212448
349363874
242081102
-1284179387
1138318812
-751375281
-257003831
891391262
-1740810197
1932163968
-1371147836
-1484745599
920403187
-1748816223
871034533
1896180593
1211986865
-314114576
1430471747
1485365527
-968143040
1595537782
-1001327411
954289621
1567883099
-1452165581
316955882
1228826010
2015991392
-1934239077
1675114786
817847160
-1640618154
452492865
-549577349
-200332685
86327345
-1486335790
-1243069593
-868477030
-346799020
659143748
-534261283
196919644
-1605407914
589526606
-2023423035
-488222701
2067359752
815674650
-1800875880
1832688613
1062730679
-916554952
1971714887
1581145036
-541066835
-602231082
927574876
-1545817614
1237286654
-895553490
1815737439
-1209095871
-229809536
2090033982
1512763258
1172731962
-1313791718
-1963925314
186207071
2014813446
-502871487
1180385871
2047047273
1027221194
1568059584
-363348496
505988865
1154007103
-2010061897
-741800779
124274243
1151094657
-189221915
562174137
-34668320
1560362790
-687027927
224136788
805306949
2142225553
-1728279483
1246375049
-660709892
-1965967480
-1346115355
1001070786
-2088506542
416665348
-854414369
1389181374
-1672112326
-1317447864
-1405812292
-460923446
1789948017
1030665525
-748234377
1763946542
2025378274
496519899
1907634052
402266602
1216827211
-1506504365
392463635
-452712030
-1268430817
-1496220725
-233830507
-49152299
142951598
380270561
-899601281
1406874709
-519995005
-2089443531
-1737636531
-1047003661
-827503348
-472256967
-1195454519
-1826493063
1324096384
1745982538
-1076984180
-1960340772
2022405372
-1613188860
-2143783483
-738366542
-3464721
771363537
-112224200
-1421224479
-1601095240
2094058179
-1131757431
-93259367
1031665549
-986797660
-1736977733
595648131
-546473570
-679151030
1944752626
162340922
1765002873
-1490154194
-1272707456
2037183993
423752880
-1635030721
150716446
910524822
-1935101768
1502983668
1256487033
-160065105
-1093116652
-122113377
1010424304
-967343326
-1244981071
-794374391
-2116194660
-1314894398
221837204
-1569375942
1392835472
518768710
726407602
-1425378153
92064865
763314052
-2142974946
-151597518
1321513704
1025277152
383522921
1366245981
1805041478
-413026306
-550148539
2140710784
986903592
1623879614
1477841771
-36031956
381385547
-265265559
-2078005826
818652783
-64938430
-571802329
-782533712
-1882928535
-2099771530
-1969272140
-1040507164
827911711
-1178005650
-524760749
-1507681003
-614294385
326376017
-710940670
-1770943691
636537347
-369342040
1884375790
-1871079719
-743959638
1948190311
-1120098519
670419411
-2143296412
1258497837
579413401
-1447042016
-2014539044
1541256906
-951549645
-374935548
1040501979
-1807868158
-1023323031
-1059556237
1866589147
212581264
-729003552
-1581258317
-639643941
2002458989
-1496898458
-1638509506
-455412367
945907281
-1705258461
-115987988
-321447899
-1640967046
-2063007987
1701176657
169601531
210826923
1807538849
-1399985309
617164625
-1376626569
1957299407
-1770739872
2083354091
120379070
-460728779
-207224594
-1052263860
-55804808
499021712
383357059
1814924871
-569841743
742030447
830289415
-1114336044
-1841333548
1161491753
117437878
-1302894809
864607787
-784585712
-1879883957
733689598
1111922086
-1738505754
517407578
1706869306
185446106
-1325130353
-1228457219
167799729
681560908
78603016
-1098398286
1533709634
-269219088
-62560873
1792393603
153245480
-1769628948
-127219389
-541867673
-1324167021
-1976177503
703907719
-2082961944
1327680884
-1972578070
-1627960510
-1715594235
815132056
-335465562
-1761323024
1363773017
1066793208
555258739
-1952567265
-102673284
-351982258
1003835837
-1543442661
961268904
-1213247253
177604342
1283426795
-2045539425
-487022905
2130315046
1559980929
381402828
-108601382
-233659738
247275564
-537174872
-11385431
811675431
459785296
-1647771809
-1219438045
-205644551
-735565223
-1552464462
-926377811
4562058
484174829
-658776545
1283556474
-1339385812
-1174676896
-897998786
-1512943584
-1860631014
-1126661524
-1597482899
941058664
1222432444
2003744545
-1774507601
1640858725
1184039721
-620406758
-787437103
1485169863
-1778483218
-1977301263
1007033294
-847504272
1140004877
-91504652
-734434188
1056567367
828666952
2110556696
1511773510
808422476
-2033724770
-763842003
389106084
754144237
-2024066538
1534117203
-2022239703
306045847
-1546848582
1515241132
-569492908
-194242673
-102020634
-1807147950
661435497
-1566954495
196262594
-650129525
-232630375
543321
1200087820
-1424786373
141368416
-1700128815
-438299622
563002265
-1565902034
1040718154
-765898721
1983927845
996675913
213057631
2139231148
-314005287
-1682509839
-2047461961
429241210
343648670
-6997564
-92785509
91902566
1144667905
691368547
1447857096
-1298549828
-1805852890
-1801247658
-354117755
-1073844809
-290149892
-1774862036
1955154166
1404256328
-548965710
1133436902
-153514318
1325044758
1002335337
2060680597
258880148
248538566
-1362727382
-190438334
-293781298
1988698491
-862191079
-178119667
-2140910525
-1367068000
854373355
930482840
1235362836
-485405724
-1428532588
-37837659
-1371681157
1142139782
-1752950459
-1213704707
-1893606184
-320938030
-1455098987
1005126547
1624272137
1501351914
-988458755
-1206826007
-1069192194
-884667191
-210617462
222751155
-1977487989
-425087355
-1844271667
1399856313
513060224
-677494316
-1160829931
-1372439295
-1491005962
490834384
397378784
-257696724
1403463403
2025527806
592772237
-810215136
-551240943
1523190924
86956118
-1906898457
-1680857630
261249241
-313332610
999645142
1990956791
353013307
-1682820666
1214491121
364916378
-968624389
-587905499
-1961764466
2132135833
1625515940
1943258295
-1083052745
-1032471971
1925267069
-1955288844
1592976852
1783842106
-938780845
1301623077
-644650487
303515143
-693373061
555152404
-103760931
1321206001
2120545814
-227729917
-1461918565
328249484
1715381398
1919682782
-1749992708
883489578
-1411499135
-1602378829
591439749
2114840944
1750060917
510680417
1616857902
-1137495515
1812730475
-1925347697
-1121227708
-726864051
-1312660161
-1770037536
1545457039
-945876874
1492385135
-853655196
-425339977
-704569775
1995776802
1816110161
1687690467
-1692261501
-222966932
1425596402
-520327518
1111609021
-1375530288
-588058402
-1506664946
282141193
-100180987
-649352851
1630557742
-1002552473
1155995389
1423181416
-400957284
341066392
-541821918
110271231
-105753497
1920002105
-19626014
-1871951873
2075971386
-1755323886
-1080778131
-314265020
1412078781
-288628561
609673149
353053803
1719824443
-1792312784
-106351658
-2092955700
-632351612
-1525094819
1376417615
-188120921
317634068
-2006915075
1616197648
-877741668
-1962267788
151418727
-1711254948
901937760
-1735532577
-331480487
518100497
-1917934163
1601455145
-29600504
-601949138
-1083401606
1951132124
-18710409
-272682858
-2126121876
-782127964
-971943413
-1307413485
1681678219
1561955820
274527
-164029795
-2123467976
-880335160
-407080619
-1952634405
2029701214
-1157573611
-1803322003
-1819747351
-1589526808
-1988689698
-1994697639
-1604580773
1853466226
688599809
-862304560
-612448895
-107987390
-1275544047
-1754793566
743414764
227524729
1419460734
-2019621364
-516925903
-1553142651
1417498355
-260584627
79440620
1216791769
2132537855
-1785313928
-262230265
-1686637600
280091126
1985871244
-214759877
275057710
-517509863
67921601
-326690857
955389944
2104693748
-1735705308
1826016192
1069362118
814180359
2029107557
2060424120
2061693030
1050880168
1724165615
741131490
2012043299
-1800332761
1534255417
1346471301
-1394871497
396636979
-1282655909
-334671088
-1057450115
1738456187
-804811548
-100375459
-870166678
108611224
617884906
42298425
-681327554
992516649
976321633
-1182105564
-1521903754
30410303
1394092208
-491051180
1455447940
-1119899397
195417985
-1696475648
-645317695
-126562698
1077239256
-1658365734
1523528610
1068229088
635098215
-1080363812
-631843542
1056140523
-2137252577
1303789383
-1000028513
-634408599
-130830838
-185077272
1896824704
-1369020109
1790227799
128008093
175742133
1479776333
-767235402
274033943
-1749515256
1438047559
-2121162266
924037600
1662012115
1700455397
-1762987381
956278175
1059492859
-993075710
424216900
-1595097702
450582812
-1230756176
439154173
988126845
504156933
-1484754012
-460354687
556811865
634189158
1073166545
-114940846
970740462
-876187192
-1675419054
-1267834692
150530093
1308259772
-532494196
-1469107673
-1587283209
954177623
-265682285
875481005
-2063793109
-377640227
1351318221
-893243412
-115253281
245981371
859072980
-724253668
-973546260
-1421999430
-1936811104
-1630359453
1518158000
-1637703311
1599808229
1824730471
-1131429106
-171214085
1574592186
2022981413
-1608792391
-809531414
-1413728645
1231228161
443961778
313877371
746434543
-949410019
203295246
-304479478
-58244180
-1847046931
-218645764
-737742648
-1162767431
536054026
241149446
1221918122
1242327157
-477252025
-987224937
1892916900
-81913928
495108610
136469948
1639737623
1183824439
14827451
-229239762
-520265081
-1013132500
-1269358102
1725550736
-1116989552
14896694
1191291916
-1551045644
-1751208422
-1197803651
-1154092546
873021091
-1970837813
1074385433
1557297295
-382044387
1052918205
1870459060
134728528
1147493726
-36980112
-630999955
966990765
1883866723
38981378
1889900031
2021342528
-2069087253
-1488468323
1495850274
834704228
-2143052670
191654703
1946348081
-1528445943
2128951226
172075616
-818874868
820003783
374057659
142201281
-314414017
-925036748
385548542
1893063232
-397655197
-1418254982
-654058155
29849316
-1089538108
-1572693981
-1444827346
1268308661
-592507837
425215030
1370519575
1165388283
-1225116290
-1531213688
784000388
1824901803
573674285
-46887605
1328136912
-386332642
1173593039
-456199958
-1247148159
365149700
1801887365
-1781141991
-1754331696
964918935
-1016135876
-1960554713
-1538622105
487319571
-1026911982
1462747798
351049324
2014977380
1805431538
1973183725
1543112894
1773835809
1452085888
849253323
2093413245
1764194745
861223228
-381788609
-1972819760
-1588266517
-675854367
-2031016361
62714337
-1832624005
2124055566
-583841802
1092849452
730711074
632331304
1242880234
393410809
-2145675067
-1060059779
1950996029
352494630
-1626173718
1566841005
-1619045685
976834346
59995751
269537349
-1346602219
-222553258
1101797467
1233669548
-1750105517
262108764
1017592930
-1086977982
1127468239
167680021
-2059711229
-1614034235
1180691312
1617336446
429543277
613016311
-1220592492
751723011
1381835363
1827153789
-1237039581
1554318336
678377587
-852559862
-1262609184
1158949252
-2134949523
-1881302084
-2106823422
-1423132585
-842238189
2142085573
1760753667
244309053
342851853
718874702
111582135
-444136836
1673077791
-1706807913
1866151583
396462492
-1229967203
2122796898
695926142
-132699795
1432052765
-1948476271
-1834674643
664426318
1746612846
-1160422130
-1147499605
2117479083
136489417
1623847914
115208056
-1920498233
-1726093754
-295485496
1239104546
-1705408837
1174915217
-1632690820
1832045855
-2035710787
-1390943267
1680339182
136019933
-90759771
-406005993
-181315516
396186135
-536275027
1806075231
1829399872
749146474
-1307042952
-1318657613
-1688717083
-2129203160
853314133
182927853
-915325600
-1393093782
1347220676
-1376031505
-1950533082
-542347669
-1615923912
1287313435
-1526034855
-840466668
653554462
-602159095
871161199
168542162
-1199861218
-1605154701
1565448725
1656480431
4706720
-1507315852
-1784980656
-1484379744
1580146833
1486266353
427827174
-410161125
-1629623962
1980022615
1250878459
-960448019
-1304339872
-819948922
-1859670786
-587441335
1092054545
-1366673908
1449226181
-2071130589
-514295777
-1158879850
1012167926
-331446082
170277448
2019329698
863772585
1638164868
2015937958
418687609
-1893991861
1675987989
-1560171469
454114140
317599173
1128209313
671237774
-1001895683
-803223844
-1896483206
-1646652930
248490032
-654217766
-540920092
1555983031
1114659298
-1877379986
1093268783
652027484
-1915425463
-89236016
-2046978297
-905981243
1478447453
-961592024
-1267122166
1432198401
814074246
38913584
-1028376677
569779358
-1317144170
521358359
2101368821
11517735
167263480
742779560
1701370499
2081943533
1218231594
221193643
-341764754
1414338570
-836830360
1044466315
-894894474
-1903910237
1003733417
-631357384
-1443461372
2131833196
-973033778
1989996878
525346176
-1056928400
1964757529
-151473034
-915005472
-1046388718
-1180366373
853825292
-2055378047
1287452750
-626386575
-2077184510
-1218955719
-799956924
-2103334288
-1219440381
-1590334292
274614007
-1067930337
939811803
-970862113
-182943151
-1385116635
1393725973
401243146
2079468906
-123345021
1934008549
266980017
-1637603575
1794886339
-142001336
-77256203
-54004630
861180529
-1610621847
2008233767
266488897
386102474
986577990
-305718627
-1654862338
1324802483
-1263934829
2033658569
-1165137581
-1018155540
-1473166370
161623174
567163379
-504480379
117968115
1203225781
1502665627
-1965825648
864944257
1046343432
-981173675
-2035688169
1872628477
1974898205
1372988155
-349715120
-1634438970
-563779378
-486074374
1714303247
487013001
11020487
-95605160
101706619
-1586592794
-1848168872
992835319
321854980
1555075155
620711307
1665251354
2012128660
-1302345152
-1112422279
1159559976
122095364
213323900
-802612519
-347098448
1666299601
1514337751
-1263113511
-322290515
-82532337
1626134279
-548097232
1892205834
1828935325
503769807
-1266943373
1776602215
-515260263
591835229
-1692390488
916248349
-1488387306
663576563
-965975016
1701906559
-2081124852
-1640742454
159697513
-1541951901
-700832881
42798898
430326507
2020638944
-1567746492
-307969539
-1063480014
-553280936
173570831
-195463651
1341970148
710241208
-157859311
-1984282228
-568643629
-535744258
1238657745
-1347279253
-2054141107
-97539589
-1278294088
2087551854
-1466692941
158079834
-467204926
1744545398
-1883747000
-1446650912
-263592590
-643537537
686285130
2014638580
384560647
-1853627972
221966918
-166951582
-537269268
-1082337025
-1150056280
1078733147
-567996044
-290182818
1728704145
615334592
-160917306
1523477267
836373997
-2046161249
626139669
-464337756
-838853693
1385172221
-793427692
707026243
-1618729778
-360197163
302378409
1899368822
-1755754675
999853664
1092406240
-5091846
1412359703
405646487
-874283230
-1878313755
383680753
1208583925
-191464283
285569290
-651960797
1316485761
-114487002
1007836064
989872457
138428683
-229667370
-1183557595
-17536154
-1348105803
575590545
-873297281
-1134985154
-340126283
-1542481067
1921993573
718433508
-1170154152
1376743153
-670630148
-1487625327
-325713591
768597244
-334286396
467681463
-925463533
-1823439608
1808277429
1676471637
486819811
-1710280424
455149989
1376916108
-1435849582
1619576142
-734921492
616968818
-2141836829
-944965912
-1900285623
427457062
1719620104
-1268646291
-146120441
-736829148
1570744427
357873955
1439678299
-31692326
129898666
774172099
-1020759792
705714043
1176328674
2110040175
1229073253
362573074
-661208529
-1478696477
-316678859
-1779856935
1573932659
930670059
-1697610152
493565643
-714808745
-1352848108
-336486071
125827447
285344911
-242901594
532415240
-448561130
938384225
-1903007792
-769370814
1968110303
1168272743
1990848805
-326725970
-552257894
-397514094
-221674681
1877347769
793594995
1135739251
-689589791
2101492068
-155714800
1335493813
-841569318
-300299155
-1397162779
69854445
924576710
-734712148
83816390
-2133310826
-1085932640
-428703552
-2012634691
1377049686
227295158
-1361822230
1258805021
-317186682
788528356
-692217800
-914170409
767938801
-517140988
794161893
1675592203
-541410342
1175190692
-1346429185
1981888482
778937667
-1724878598
526401098
64327322
-800944788
492449044
708931684
-1780793118
845683097
155060051
1049800233
-1374063001
792295448
-843081703
2134538072
-1989080402
-1962147710
-1372877119
-437307786
1115352356
-1275063232
-2020744753
438861554
-1790710158
-186580143
2118012520
-1486648951
-429420778
1503131977
2070993668
-553086228
-68115665
426915484
1195331937
1995767967
1434443671
683350556
695985082
-1484230621
-526015434
204390080
1408004408
1498485847
392009621
-1512951386
-1634656855
-1386871526
1852827569
805995610
-107990929
-1983617739
1902461969
966541144
1133276858
-1313963400
1861739802
936442063
1036674297
-2015734750
750597282
865670055
618419085
-728827003
-1872172094
2136730309
-70012225
-2094585110
1908652528
361294989
74613236
942184113
394053964
-803181912
-809118177
704566460
194950201
-1349311994
456547190
-1082503666
-1612333009
-1077690586
-1783447961
-166058322
1606316494
887480981
711143373
1899118545
-628044233
1001023923
2039773279
-1335052233
1181605271
-656343108
1618759528
1245220565
-293977340
-2135737594
1818224828
195906483
-1161167477
-1256338809
-1597968918
-1786391785
1041147529
-1299155046
1371821742
-481114397
163234105
-1327103998
-280374103
824646203
-665718898
-2106520530
1633797715
-486032534
-1060691901
-487864898
523953456
-2104395771
-901314001
-655633850
92283713
416710481
517900509
1851045456
1672637373
1051141857
-632181156
1130292391
-124699904
982504835
846306898
745143762
257966531
-1810876323
-192117161
-113966114
-2113435763
892216914
561268607
-1937799583
-1578188695
-1194797655
-1269979848
-1446835526
2051787225
-214480912
1361251671
-203148131
1034388234
1443303454
72568172
-407932210
752579656
626972407
1151715677
-1880280020
-1023542860
-807779916
-1001191630
-216667920
1188685107
1055596258
317301805
-59878345
451529641
-265945718
-1075509475
-673648195
-1080135322
-979463535
1162634227
1496413162
-1405416992
249204834
134603925
1372823058
269041314
-1960323895
-906818830
1765736185
-1823329916
1804407074
-307716011
-1394782316
480833052
1683640498
1709557246
520714774
-152699276
248578388
1897069294
-489583318
-302311684
2024890967
-1135924478
-1999757444
-1077867070
871726502
-151119037
-1911691395
-1320054560
1390415657
-1856190596
1757186919
211898420
-301466005
2041939211
-484971137
-2077847978
1903119997
1760493308
-457738087
-157070138
1967040537
967728979
-933416735
988383077
883745289
27670952
-1581216553
-1646054618
1277963209
642845433
1329552027
-1416694779
-1385382293
1999856315
1331770730
20823607
912209850
-722532046
1172197224
57464482
-27327582
120698626
530748319
-681908593
-867207217
-518049275
1431462983
1462638237
-1208187501
-1920998563
-395937465
2053924088
1387931148
-17155379
608740091
-353981749
-716446587
-835816636
-1288473288
-79035150
1573923612
-588149574
1110646412
-1483566092
-972999259
-1940025537
1355149258
-1680488656
-1294479666
809134929
863983556
-762730667
1085946755
1050938221
502814554
1137824791
-853280621
-335058200
-746278477
1655843103
1851338387
-354826754
-2016125750
-23970238
1703084034
-1324730581
1696396844
1048327925
1572869550
1415534009
81739775
859084032
1569131861
-134764134
387508806
1156579954
-1787908466
826083447
703802466
340215508
2051672553
1460154376
1979904731
1129896865
113567317
-1951190618
959948128
-1224027148
1821319362
-2018606307
1088538892
-531166333
-1662262777
-820655929
168493802
1572262092
-1100755196
2130619605
1525497531
341999245
531076875
1074616303
1894710774
-1016285064
1621263483
8347392
543625999
-16236761
680719278
-912836022
1590316284
-1547530419
-1124543468
-1872782912
956946164
-949174226
2005440415
425667220
-955166599
1259296080
1666397282
-1890934259
515891608
-1109592206
154803316
-11787874
-56111249
-1209841475
-1546629094
-1756084172
-208382737
595085369
-247992796
-447052593
-1651653661
-1185548158
-1466046825
-424182188
-300928463
-734184006
518763404
-31611744
1437153118
-2129385791
-312394665
-1033814304
-1753907625
-1895623261
-481868054
2038598431
-1187041427
1398242130
1141709691
1065468704
1401583265
-1104536940
1126841957
-1464984979
938322465
1513227838
-246979509
-794949201
770102546
1930219170
-524286845
2064677696
-1321686384
618107461
-859820624
1205579006
-1259002638
-1115953707
-1940356944
671603554
-2080615086
114214745
-1138985543
-1115616816
-1088805045
-1479602006
1534939070
699169840
173415684
1580473633
1364615703
-287066692
1387546477
-413886831
2068155488
-425717477
1406598856
-1015505545
-810217312
926893487
-1914364053
-1071005585
-785766483
-1980076502
-1743728957
1212577514
1555953615
959341671
1465322652
-1295641826
-472067677
-1850898825
1271960734
913661757
-1396582590
-1396688647
-714025958
1220762089
1944285602
-1929725267
-73926650
859358694
216479803
-1956373173
631854918
-1112768239
-1577439507
1574139793
237485357
1173477008
1188331040
2466970
-1846716350
1339899978
2138966317
289350774
1512919366
89082777
2086373116
401797622
-1907798411
-1128491714
1801584877
203448775
174417676
413470869
-1010246661
719806145
491342603
-891548151
-1401892833
-621570175
-1547328708
1319482569
-4689423
1557426484
-708776589
-876223557
1339896469
1818284981
561994006
-974672464
663878100
1619206874
-1460836385
-1367087911
1902296713
-541394677
49108704
115370362
-133250754
-563644653
-1272736825
-1826017315
-1200009963
1506164026
-675364253
2050961800
-848616724
2092982675
-579070362
-823607887
73200316
-2090862703
1324418412
1506925809
992315201
-1939997472
-1221618372
-142427080
-152270880
1860288370
225102412
358437633
-814943036
-897052457
697629322
-602752826
1285603657
-1571169583
-1723201447
672390581
1386295453
2109663527
-1342977575
1216912034
-1239557980
-302842695
2000101483
-2037167041
-1115263204
1884322772
-2003008397
274099595
908182785
-2027596857
793708896
546629000
319722547
-251928650
351870440
605879344
-590281899
-1702172499
1333169304
1824074409
1155138551
253563639
-897089397
1700870839
396619510
661736624
-1456958855
-1743165071
1272054562
-1122299495
-2114969101
-2104196809
-1284068830
-2122147797
-116293908
-1098309917
-1468094572
1628584942
-1515542661
1694078525
477992568
1176484106
-553017890
-2085541452
-1862641458
-1594553058
-1109222719
-1590654645
1579179388
-330952368
-1925144640
-2140222255
749002869
-459464284
462302762
-361538220
-486700776
1461347729
-575920632
991986135
1610091221
495357393
-253161123
-1077050558
-73880554
-59565192
-1928634450
-859137127
-719333541
-516979640
-104507964
1775772785
-1066067289
1107019843
856798640
-398608226
540555546
-933868416
-228302066
-423281359
-90230049
-1395912894
797607822
-1280768607
408053575
1385138502
2143943600
-1849456825
1541813558
1619775579
747108302
-935178225
-1063010883
1122946872
-658812577
704984172
1984474376
880715401
99534969
-1225922420
1736453498
-2017752246
1927031191
1559460045
-1873450730
1443935832
-554612836
-1542433426
-217957088
1147943237
865866263
509142409
-1434254333
163499115
-297055288
-403450560
-1383949963
-2107512253
686138723
-393440457
-943719208
-1670132745
307314835
611037505
1178678755
1646140213
-1715347647
1978145885
-776118399
11889989
-1910226155
-341876765
618790137
1676467037
1398899004
-1542297606
1068891470
-465941452
1771916908
-416843956
-1600188184
-2076359980
1933477669
-118930435
-55298701
1136871092
-842958792
1776709592
642948102
1965177093
-1824019572
-1340878901
-392671864
-1538118836
1607548191
2051487381
-625331889
867535664
692583499
1334294205
-1251911159
571979668
222616906
-1379168315
-795493153
-1789439256
519864060
-2138359137
-797264169
1991435964
-213399321
-1575728800
2089026681
771992726
613016958
1375604275
2114981813
-241463292
210050213
2060270991
-1430341629
507035123
54809204
401801132
1252653260
517100866
408366651
-1893259982
-585625080
-332985198
1123757509
-740003021
2106922791
-2127568545
-1096013599
1556691547
-1579415500
-1993989036
-935655139
1879944550
1154865464
1458403034
1278327252
-379278639
645336028
161975793
-1372089237
531819988
-374685871
-666841533
-2103849769
-145499506
50616948
1663178102
-2091933087
-446539390
2061448236
-1054522175
-519415635
-722504127
-31072746
-1196465983
995966200
-1753762455
7402852
1085037197
2030713760
428037581
1388813826
1549129223
-1622947351
-1167265547
2051673081
-1720745611
-595777539
1443704520
-743391464
-1338453425
-1116848332
801210503
-1575922480
-671270054
-243228522
-1691412739
587469919
-2144784395
-483432547
125994996
-1504470735
89884850
-2126772930
-1191192853
370294658
1095769384
-214550742
-1178741499
-611895481
620340998
653635408
1218645059
1210016078
-487701909
-2121781338
-1402361355
-1381213532
514531189
-587260375
-489481107
-788637130
-2140587752
-105655006
831215606
-208943942
1854285104
-984992855
1640429316
245603023
1377915352
942486126
413575596
584459618
364856316
-205946697
-1340233642
1930527828
-1345737940
1812360612
-2051007056
-895089831
-790864205
-260202054
1907997669
1379948835
-734226456
-898208610
-8654578
673592510
148438467
1628547872
-961122584
-1109148355
1476810162
-1713403525
-1927022137
-1621170282
1310059949
-962026022
-2082426166
-1758476598
85988231
1581799198
1285443920
1617640008
1831742855
-1994515490
2136866730
553623187
-1147844553
2105046447
530501393
-2019990494
1460350331
-1782860636
-76876070
-2030063482
-1676846876
-2060749032
-291679512
-1791529518
651320646
-1318723158
-866396831
12414006
-1837920377
1510724488
-2024087645
806255085
-1987704134
1040292592
-1840728455
1908315481
-1472765589
-93852172
1275037065
-1009869461
-1401712580
-1692062851
1108321809
-1442700216
987694512
735258769
-1088742190
-1293072343
-1597451450
2053508568
1150714699
-1265846654
1357274057
1596262748
2014498858
-2118632090
-739568922
2010503311
-1502170369
-203256023
-870047234
1384672914
851801906
-1767957434
-714537411
125844148
763142711
647047043
640646123
2106381112
2087764223
-369788846
614615810
1358694490
-1398466383
-802533510
-1199585025
527147924
-148820327
1169129974
696132605
-496937187
-1702732960
-313336291
1329646334
-604790351
1278664062
-2082783486
-859076724
1010215575
-1053614357
1271329309
-350937984
801921504
-1379327460
-1864871126
1579449889
405221612
-631944659
1500889681
591460208
-1459378382
905114202
-728737658
-1771122495
-191623361
211716275
-1072234958
-1896395891
-1122547714
-1974329328
204589074
-1890318458
-548225478
-1945850559
-1394885025
-104651540
1240236641
-381459574
-1943047633
2034939935
-1305839989
278914126
907871515
-330866060
1265096889
765801993
1485211424
-1291115445
-203248287
1940960899
-349581622
1070513248
328650282
1697348674
2139959182
-1500960671
1492426995
-2056004801
1016509048
140909249
1604172569
1284374749
-1446267643
2026731980
1865544953
430824214
363926097
511392762
-136597069
1679539959
-543016331
726152583
1475501873
1545110093
-1309156310
-163992766
636908135
1451031712
465372337
1182187173
-1801821221
-1189338272
1941690871
1075840805
801140840
447624542
1603883763
-2030637877
-779279810
176073085
1128895059
59217924
841672236
-1854024535
-1516452010
1331792564
1272656161
1123187462
-935413509
-2129119600
733346287
1578549356
981557083
-762960724
-431977646
-2035340269
-1595068589
811762259
-1039076815
1617015690
-1105724315
48375574
1111723043
2055078126
-1779591969
-1726322649
1390180916
-2025363369
1235450941
1433226471
981924839
-1780203371
-1438423093
-1649674052
734066303
-1474456805
5136782
1326800424
-341758854
1884641083
-759909020
170168087
1514858845
-1480020845
-1669526422
-1518125449
285877687
1419167943
288840349
-542488819
1614767967
-1990423440
1660846787
1963150214
-604839425
-524291245
-1416244085
-503594036
1029348310
-448408619
1130219763
-1364522085
-1843946824
478126510
917348585
1639073363
-1414898342
-481941539
-757741003
1796615183
853484748
982609371
971583125
457184245
536269382
281885714
1034539305
1062522831
425286950
764212112
1087856145
1206201563
468395321
1417194743
1088720980
182791646
300852537
1400427192
1258459651
-1424731522
-1544533610
-825972096
-1128285539
-153976879
-1563267208
-1093959183
-1402384459
2080529968
921423877
-1355320683
1983261650
-2024587183
1451940831
247722255
-1690669163
-2007373932
2052377328
-460219501
746758433
-1300186723
-1340119959
1547959191
-642327114
-766690526
-380583161
365768394
1032651167
-402529275
281057687
2073471813
626715214
964731045
969587644
-2131389696
-1299695931
-691825552
1056632560
-1228125562
1454451254
1938223548
-692697144
874661612
-1270704915
-2028471593
1875285883
798377727
1735452525
-1242922916
-1024414300
-1809945668
350933977
282554568
-1442418106
1254941700
-422960746
-117682868
1953635345
1267146640
-750020819
-832792604
491259619
-485966559
-1107222923
-1478259033
-1144983920
-1939167236
968853232
1853212768
-1932095002
-2097538923
-1984198027
-408451490
-1747385877
95579274
-2124417009
-1331310712
1081287016
-1821898286
916531493
1546496180
-352773974
216121654
-1339022118
-397541832
71549319
1006724095
36836790
2003178176
1627934623
1140031728
-1085868667
-1667528863
-1580484381
-1318486922
2062848895
-333426450
2089132635
1918924829
-197568344
-1135464822
-469838557
-836059834
-1654886790
-750619266
-1422688330
1603837719
-1085854784
-439466420
-1463695506
528025522
-1257378876
1868332804
2012311115
1014572200
1577890732
886570709
-1167486733
32368303
1012812320
1070730982
1802879225
-1870051181
-121985744
-517864346
738983777
94933354
-1909206411
1108635617
-237413533
-1358428661
-300499595
-1181913643
-1145882257
-1803829824
-525895605
-727257979
-1490581903
1863618106
-2000229753
831322892
1304845141
-1072479547
-1458959789
-1394117196
-1050422067
1098617532
1722352598
1195484040
-315022511
825985854
1009709788
-1244292825
-357034137
-973905887
1899565750
36336859
-598430172
1823791142
941525086
2068957161
-1027841550
-1328494482
1682451167
-1417559766
707478418
87839533
110226931
-91296550
1779113828
696180124
-2038050067
715234735
-251055386
-575344332
-1847950375
1303401261
-275564934
-918324200
1704852705
554283320
-629883029
1369056466
404154353
-1379017494
861552177
152741186
502107806
2061521574
-980476684
-182034222
-489191869
-1277654675
-694107570
1018341870
-200312211
705230703
1961393237
-1579717965
-1953187464
-1776727067
496670680
802366694
-859543687
-1423314403
-115791897
-1355121369
1603828574
1564750294
992821656
448316773
1576462932
-985956147
632401928
-1960166764
1748870504
-1319511657
1533437088
-382735971
-908178064
-1384502351
-1101781095
1609068438
-1767456468
-338609963
-442741567
-1082652366
-1283331673
1524003726
839413886
431859067
-1806800669
-1849445618
-613777133
1060761534
-1038152012
1564201023
-1424123870
-385317691
-1005373460
907378711
-302225295
1310377803
-147620936
-28770512
-232111120
1357318060
295783241
148136599
-547881478
112587484
825124790
-900488733
587083227
-303858535
1197167136
105295497
161125778
201832676
-1291183594
-506385297
2056696023
1666144428
-987419077
-849043522
1918480478
-1366114868
-1890577626
-1669389316
-1788320419
1228266040
-1666046839
-1565130663
-1533419188
835341938
1665778836
417639752
1301269995
-2012185791
1245224347
164503377
-1475493495
126581413
-446703115
1275554597
146477954
1252471813
2058188327
-1394600206
-795937528
112132010
1743393090
107851000
-1377906138
-1849258640
-1830232183
-14326948
-855425278
2029912762
-1745771690
751299900
-1425541790
-2135587930
-178859971
605079811
1361028720
1544788865
1839742065
333160445
1809622209
-1399506819
1444217958
713526061
-239359341
1475686049
2056619192
-2004266658
1637761110
336885248
-945779125
-1734675849
1336313709
-1117022163
2143107250
-1912073197
1170107701
-400490259
-1938491692
-1719917743
2033224261
1432823342
2084557260
1169178599
-1873202697
-109003976
608103953
-593214339
2128246311
-369597662
859291350
-990937032
874914618
1920767622
2105838515
1516959124
-1814235038
950513783
2111122565
-683658634
-1850564577
2131187379
-1360715887
-1081797247
-1216729848
1832235285
-1661313553
-885123928
1006051019
-1458953140
491950629
908450051
-800377999
1527677905
601527569
1932674022
-1734768410
-104796394
2129024268
-1598279377
1459344056
1794756091
56462156
1924172512
-1636915169
1683005573
-1137450102
528908781
707145276
-1714317871
-1270253084
-870317995
-183721307
-1727979962
1278923524
-411654026
-381646303
-196481783
2088088192
1648948637
-2139060305
600120501
1230664579
102781404
1087315917
-1290572981
1367852973
-884853472
-193401866
-1543913113
669581368
-1414815358
-431226261
2044885173
-369277605
1666683101
1652004406
-24635998
-1454350350
-117037152
-1636363413
1126525014
595851614
130269412
-690209871
-1496168224
1624405417
499918784
-1929378048
829645491
65194990
1113035228
14306475
2115421008
-514391817
-962318524
951875745
-687988668
1073031207
-127376514
-1851010833
1412630613
1977945754
2047278046
601624456
-2104462344
1652225162
-526387433
2006144072
-940545787
413792500
-2035437035
-1815301322
-924605011
1656691579
478645770
1501487881
541361835
917502091
-1809816633
683724781
-799695687
-1185504319
1407735884
-1067575674
-1154505403
-1331280759
-1155602783
822717236
-599139740
-948283128
-1722076441
729624985
-635253242
1935459132
1222507177
951568471
884950123
-1279458206
815904375
-445166306
-417873451
-187348329
-179126091
842226917
-840646785
-1256180542
144872880
-812542858
-926630963
-586387280
1644593393
-1195453136
45521348
600414080
1545817046
-2121166328
2140537787
601615424
741130589
1511352528
1290716498
-1931812648
1972968259
207653820
274157731
-140999386
-1175081907
-2003321056
600957624
1965966442
61561828
1712189310
-1263076548
-766667548
810993383
-742874176
312679284
1828289979
-985589316
100847553
1695350895
1035474721
-1413220440
1218169617
-1496789892
-1801885517
-1791753375
-2139590663
303027163
-396146139
-342696736
1763223228
216793272
-1190647266
117614714
8642848
1348534868
-662118560
486699825
-74233300
329038725
-1128273877
-686028729
1481158194
-887380896
-1147749405
1478560788
308109071
-784002253
403444464
1788768281
-14378832
-1915838279
-1954789147
-1375038380
227617241
1517624200
-636797725
2074323413
-1108974303
428654286
86070335
1564027536
110665280
-858677188
-1176272030
-663455115
-111036531
1140623681
-1247248143
-572389955
148014017
1915727739
1978369837
-851611513
-2081292288
311558250
-1235269733
-40326238
-1224234470
-425266074
-188091162
1763639980
-1631684851
526130386
-1988262140
783447899
-2120077874
-73080430
1523424664
1353907738
1540434504
-1743773255
-334060393
-2061209641
1574489252
-1991595129
-1946149075
962675995
-497870645
-1824735342
-606192415
-1747620262
37767720
2124419906
1639259383
2048777612
780099506
1255081601
-2120063979
-1566665476
158655529
1214578867
815269928
1466584927
-954239329
-967628572
731739784
-764144345
-3287239
361491776
444233817
-776711399
-1969062858
-1566896697
83982644
-1703918052
1296888624
-1750655424
224728071
-966012844
639734434
-273370258
-1033958855
1304103791
557596586
-1663914111
1068304657
627715134
14896143
-1856347697
214557016
-7894137
19640452
1206218179
1863324988
-712710119
1731209005
692497685
266133622
-677235169
1631644259
-1158512325
655957679
-1536847943
-2020992076
1444300831
822064159
-1622598968
-1207232723
-1083840495
-649110409
1191245833
1704539866
-56514818
-1601174527
1195937637
-733164915
1447411938
-1611526396
21482886
1046431710
1694003578
667956076
-1919539539
-680659341
576873790
440584362
82473666
-108749695
795395470
1354609113
-1243351380
461893522
1300190251
-274708959
-129356062
735038856
-1992537624
-953099424
2112237378
2017296865
-524358496
754177798
1609673761
-551904452
-1810558870
-1662490304
323289250
-841935589
-2015692789
-567060904
-701577653
-866788887
-1508620116
-329092517
-696987179
2049630527
1576273100
-67521797
363309378
-194089374
-466304393
816118711
586073909
1606497040
-1308520265
58198072
-586858627
-1926931845
-1149026229
-1973937922
713267442
1922351253
-1473444970
1430341179
-1693650812
120379790
-383870502
349412607
784513424
1404243354
1017215397
-978163052
-1547456651
-1961063177
338275979
1610766891
145738855
1609621550
1939496468
-1611052873
1752455554
-1425098600
2014914552
507310872
-62886878
-1160854237
1908069769
-1157897604
-843881359
788041558
-1056502672
394148610
1247560001
1253680274
-822609765
631394463
1136254235
-770732135
116793718
2106795589
-782669673
1343841876
-1247814056
1581595457
-1229867539
2144202704
-936436161
-819442972
1362045388
1021290121
1179088576
-12393883
-976394902
526916331
-568218056
-1848184571
-1780941349
-1232569835
1219048775
1224521332
-247147354
1153776863
-1418509441
1301525363
-542906987
952058654
1757317975
-138444614
-1735287347
776789798
757447013
1579200539
1583353885
-1558604400
513684172
1649941478
-1283155302
1327207740
738182898
1634027663
2041631083
412756889
-420919178
-195642226
705610464
1165015331
-2036252319
1137537670
-302716727
-68294099
-1596901734
-1253914199
-1881711867
-2056833056
1877814943
772970586
2055280472
2140468611
-1107267726
-1270790893
-772181374
810249724
-2001492016
-502265464
-81328500
896128405
1877997480
-571489268
377664100
-1994386429
-289043509
1719991092
1279426220
1161341604
628343007
-126486599
-1500677170
925121288
-1227095655
1004935330
1170664787
1985507763
2055722026
1074775458
1024480885
258758943
-906114311
-1230986306
1862745074
74995975
866667667
1687285810
2109517602
1860199906
-900962593
-2056182379
-902695349
1276322989
-46259818
1990938427
-1467554252
1177618157
1986200561
-592466214
1002160375
-1220893964
1860878755
-1444636561
-676221413
-644494238
-38714615
968075362
-1624104990
-139644690
1102871711
-1365198872
930527710
-563708570
-612644426
867251112
-1875866422
-2023272716
-1080705437
-845170528
-1348027498
283210914
426550458
1504844618
1265753539
-1658632929
827398460
-590988038
1759163121
-1800336189
1306360461
-1349758071
-784860235
1048106960
2020352105
-1691646152
1880132528
1929518330
1162186201
-168293683
-1618745124
-577827800
272831137
11538946
2093812777
1362986364
158699516
-1943582177
-271050936
-57541487
1780962442
-1818314523
-2028137531
196529155
-460635255
1669408174
1635716955
-1520517837
-153437373
-451252015
1812998531
937543755
281472711
811760971
1586521678
538398847
926525147
-346386277
1485199988
-1310629738
28089904
-1123660564
1462633643
932228008
-585241385
251111801
325806141
1098995241
-1776601357
100109612
598981844
-2033399003
1556386480
1724575624
-1984346216
317530573
239294835
-1850825783
2077438331
-1091381455
1312839763
-870174134
802942675
934666318
1403524038
1195140133
1976962088
-1854449589
-1513942369
659186976
-447712177
-1527165185
-57449417
-500916281
1853916087
-295273546
415749610
-1833781292
144276738
733730869
2007534533
63588055
-1890700585
-1828558854
-43519875
-1188413678
1390607093
-1194872889
-142724958
-854648667
1711488652
2032640353
-1872448237
570043626
-470860857
-1046282347
157962420
-586619870
-1513370451
-1809219973
-709880482
-203515568
-1608038615
611263486
1038746647
-1947314075
929286758
1813556379
914230402
371186332
-1545040544
-389875608
-330362984
1000170791
855704248
-1801075625
-1758930536
2102291979
409593287
1070740411
-425900228
-1587729593
1006208244
-1324225013
-562951635
-547131332
668065098
-629943066
-440287049
-21136056
-77571260
-1293969833
-823503680
21472691
660100331
735682393
-1852975626
1505095630
605196578
1161114269
-1567997113
1308824409
1334669376
2013964170
1260386198
-429491675
2146339295
-484174460
264613290
1847011066
-2078288909
-1653411984
1269059434
-14965062
53454621
-347778184
1050936391
600141765
-1111739327
1629098763
1016541944
964187039
-936886443
526300967
-1146656147
-951785776
-1579142276
-1521285926
703817213
1642529547
584311891
1661060613
-1517510431
1546110866
-1246064503
1526127203
-1846137627
1756675032
-1325663819
945214665
707641436
1601435751
1651680611
763144366
1633890131
-1770554876
1760074607
1854286830
-435043318
472908560
-1301203562
-494898998
-562943329
-1348325584
769119305
-1317979085
-512564212
-1972986576
1216646340
629873735
-539986861
157831972
1588929631
783147803
-1262108681
2061680848
-1829114588
19761595
811617454
-195886007
684414880
1341505390
-703899309
405165275
-1509536258
-1765758658
-1415577311
1261025325
627747921
-1619290698
796384798
-1822595677
2048420400
-1101223699
1910693588
1729133571
-289584761
1188611267
-415743162
709881178
-2081546580
416887146
-1899629278
872269088
-448526928
1032112680
-1352618190
-1852560230
-1115219721
-974605734
-1886738408
-1561734785
1421180171
671667899
206419002
881038046
1078908332
1621147366
-767487238
1096390718
-2076608469
492925721
-1090364630
-1431030010
-2112360713
486636091
-907265345
1344752159
54174328
71316511
-397607484
955834327
532855579
-514976758
252317840
1303011848
-1320644435
-31490190
-2000883398
841587833
-509003027
-28814072
-685161395
-1985919613
-1799088293
1650089976
-1196228424
-1841894153
1328175190
-1180615825
1500964616
58619199
-1857031835
532310621
1393997784
1011448514
-1209109292
909158268
-1183982201
-2047128179
1950332546
-148000369
-730170069
-621780689
314525689
1707481071
1276256966
-1391307037
-1702944321
-426325181
-541557577
2141193716
1930235371
-1734052210
1868683891
1170417245
-1465145350
1189667950
810705524
-989625937
528156131
-285543263
-1226427535
1094831671
1801084520
-1795037748
-1038228274
1709348959
-2062729042
1760360311
-477226411
1198775892
-87805681
-1728796580
-1660412122
-258063895
1540472623
-1845816096
-130237460
-824380230
-1437439667
-1548404255
49921105
2105918100
1394532571
-857792590
-1078601805
-2107843052
566592591
-413585053
-1255804649
344347533
-2067717573
355288133
1137828445
-1486797265
988830107
-2107763796
-1521596747
-1124639900
-1078842515
-1538509578
153352273
695007357
-465464953
-1297627188
-1362807460
142947981
1949511332
1201039015
1568383018
-367611755
1435855807
-920052842
-499544400
1216122849
-1402693980
1572232509
-1427350219
-152995151
1510593987
-479700960
-2037073847
-2097657574
95749446
1636829217
-1941630474
1351656494
1322176870
609347143
813020725
-1414270118
281125370
-1589039424
1394684579
31013903
-1137890480
571147049
957547892
-1702570075
-696141760
1078127883
-889337945
1569923963
457015677
-2101967704
1821197947
-1212444830
-2099796434
-350863368
1207713825
1590406715
1879677373
1314762222
-16992334
1559243998
1575033581
-1260019201
2067600482
1331417917
-586020814
1349456868
-1228701706
1996157897
1319150908
1838528413
435959923
199486739
980559316
-8023623
-1041315561
203137462
450531820
1623133140
534339213
1984891509
136074992
-966177439
-609179045
-409909601
2034178658
-714416983
1475742110
-364917062
-941055579
897371155
1044177657
-769348256
-734272744
-689113179
-472682549
-787946909
-378563482
-1744300342
1553097887
1835488311
1292814875
-949180843
-1441125144
-988613743
-152339333
-1525420346
-2030326291
-39258805
670303630
-51467573
-222968574
248661642
-1617302401
-2016996856
1817179384
753245986
1267307046
837962778
-118622506
-1481779656
-1856531741
1199017945
-515956280
388914472
-423497299
-487361827
-412623273
1501168809
-797941654
-1411240637
1983027418
-1085378513
-1577043584
-899426895
-2059868373
57203600
1641938603
372890006
730650014
1622087402
-113807087
-1930611274
-696938705
-2020483901
-1452370285
1812017893
55694586
-239344016
2116501605
1343138578
367393007
1718837947
-762452256
484448903
1182945221
-1874218305
-888148330
1701249390
-1194701265
-1743810281
-139810138
-2132321898
330548557
2143422263
-545804206
1832789111
-1596394907
-997796583
-2123214898
1223972211
867128786
-686477541
2044413530
1394580574
1004569915
-1739459033
1683815826
2133251136
1075932424
-88814060
-1033638908
1335368281
330806546
-1837255093
2017716995
-1583689372
-542884711
-2061956947
1140626874
-1436019425
1013244282
1435108020
586941827
-1244110325
967771809
1318206680
-1033863303
1354593648
564628923
902738995
-198252725
-810833500
-868992976
-613856665
-184743085
1933988491
1884136272
2055724991
-1645470234
1784077921
2079871948
-1785697388
-1883181075
1211023030
989758567
-1997818127
-357777228
525360570
267103212
-580477575
1278392066
-1118067782
90566242
-85198711
-289187992
-1174482710
1192291710
726636697
-697791522
1601482596
334015576
1971646695
-1200484213
1680171376
1606056545
841111894
-1698997789
-91271162
961354132
-323220846
790710263
-1426981488
908628972
816855160
1917795079
-2121481997
1593930773
-441454923
-1485808292
1759489232
399660390
1726387116
365639252
-1719851258
803864333
828126621
-283452738
887026811
132349579
-246610430
249187943
-1097220836
-1595869853
-1930254532
954985205
-747221983
2025393677
602026095
-1706041358
1487409301
-1923986383
-1897133143
1580867627
1254924821
1835445265
-610725303
-1911992261
1020808663
1100825926
1244826526
1621461602
-1496322066
-1920015186
603517390
-555283558
191929547
-1742351964
453484793
-200139284
787078918
-182963598
-56503139
-730409985
-1881698978
1094697987
596088635
504916465
-889946882
1888016604
12027962
1361665897
-909143038
-379727027
401382412
-1520001300
-1721696200
1712557795
812989071
-684898704
-1896507862
875457824
485711797
550233390
1153604700
-492897939
594256486
457786044
-1009482031
-292530097
-1526512220
-219675814
2066704084
559019481
2016131056
139443595
69210868
1820927841
1794909420
1689867495
103369551
1802417270
1818230081
252030511
837312019
-1012434160
-473196350
1585647778
1711345729
1569104649
647386833
2140588174
-874983756
1971000524
-1037311743
-205136087
2145741666
1985029963
1631351804
1928395681
450095840
688699702
1915638439
340050288
-502258133
1387211113
-728709245
2074165237
1065239716
1166008997
-999073706
961562432
1573081692
564489858
-209055735
-284445139
-393578862
-1689762908
1530004180
-741206605
990416505
-1437088979
1308061847
421074301
47722557
-862119566
-848221813
-1798128198
375675464
-1253116432
811276569
364079665
79188672
-787198336
-552330487
1735647895
-1930462380
-913071670
-398360865
1554785316
-1914168008
-1014010633
-1633886847
412659811
931688813
-177747798
1779901725
1172665673
-166368955
618946864
-1278869687
901161609
437189414
-911655435
-205589141
-321322970
201193358
-521401287
-1403652262
-1584883127
-1747211690
-970530556
-1385486267
-472525228
-1216623558
-1361009065
-1630661165
-1164032714
853903512
879929251
947568012
412075776
1762696055
-650776194
215417974
-1258171464
-683160630
-705005420
-1839364861
618265965
1103250934
341130203
-1987258582
-177340533
957979282
-646851062
-1346324781
128380784
-1504025235
-823709109
1242344567
-775003586
-691412780
1121343534
-1165616121
-341337101
-2124748524
1368752865
1894112781
402922422
-2039401411
1352202142
-347617519
841226610
-818298327
393105252
-1756315331
556320936
281790652
1874208745
-1922409405
1910994049
817209452
55799758
-783485058
80333090
1087206659
-3751404
-620762537
2069421635
659930787
2048885966
738807530
-1261054206
-83769590
2136194840
66933480
-1139004684
1348910871
-194323897
1882665662
1748429949
1680484493
-1208565151
-494648586
-1915510687
1795594261
1310333391
-1003770914
-1085113702
-624159863
689009744
-1807500442
350033003
907120751
-182399695
-1544556210
2062151605
-1952360765
1059433659
1865492864
1428446088
990006264
471970027
-2019325766
1930792445
-1256428991
-585601688
-1910763665
207947586
1796663308
1087821489
2060580591
-1185705483
1114821582
1542040725
2145270981
-1300925258
206383109
-1452566552
-643956641
1977985270
1121950586
1823141747
2049611508
-1183503595
-737693241
-147695572
1659140514
502708140
-435171304
935244966
-818122283
-923235802
896424501
-1872750646
-793204753
356708501
317397951
-1414877497
1273591845
948684994
-639925831
1840764486
853291431
-1422116218
1646946378
755420898
-1848105981
2133279575
-236420928
-867187497
1494523595
-1461393627
1114543064
-1068294408
2010957684
-1502668186
-1913969604
1591363814
-1249875583
1373288815
1338586444
1438542974
-121690912
299376902
1962293792
-585314669
1095605907
-800310220
1961455821
371704541
1055561618
319560542
28257768
998140720
410258927
-2133694314
1079958600
1877259760
-372585413
-702067410
1686811918
1742229443
-1286272216
2020121742
-190549015
689339529
-1076426385
698964039
1262652310
603065224
-547176973
-335748761
1038458534
-325592341
-1634858970
-2026673394
1435910275
2035523181
-634322261
-699235775
615465652
-1647452847
-1612424131
-1955741955
-274132385
1297570709
1016191694
1446048399
-922818033
1055220326
451374323
-1129421022
579787703
-811230250
-1247842946
-1004993383
-1386088713
1548187084
1536621932
423325343
-1411772515
-662421445
-271214591
1811574779
-568924051
-1085375851
-1405663951
1732396840
893175333
-811334526
1553796674
748922916
207793851
-1585044019
-1868719954
-1445034104
-712058648
1599447454
216664909
-68812072
-896790551
-1191163666
-499539533
1875507740
483069828
189841462
802197974
1940401839
1898912840
1032350825
-774035468
-376439978
-858432487
-1116292315
1244675251
425785748
-623201557
1975532068
-1299945079
-698472389
152840141
2117808632
-1126588578
112486214
254416425
1919858679
-694090898
1607228646
929476426
-644060301
-1194379660
-148039718
718049309
1569477166
-1213634044
-298450173
73559867
-455768052
1401153592
-2075394505
1311581990
701871626
367980943
-662785964
-20864814
1949598830
121181457
-2039978344
548168295
2129624128
-1124309323
-1822681808
66897477
-742519816
-1914816505
639257870
-2103566776
1969529720
520042245
-1384170753
1242122060
1082727228
-1357637814
656999420
1551724787
352967375
134031726
2000097983
697769381
1945924224
1278575787
1530407577
369663704
-1886413739
1071163076
-1385802878
-324562543
-849881024
-1350062559
-139660431
607592233
-531818608
275092030
-521754386
-846264748
154348458
-436994490
-1081754908
1228648543
-779228168
1259385338
-1665977925
45340344
31278880
-1259500328
-1893864026
-1778090829
1726788473
-1747212424
2121551417
731660682
-1497058630
-1872486600
-585613507
-118796634
1401183476
-1917880293
-1907966265
-1273141732
877930177
-823740178
820588679
696767865
1912755901
1380427180
601363037
-893562686
-1192436171
1012382755
1690035761
232126902
736332062
1178064598
-1875745533
1469716309
518568264
366254629
-978628800
1226981797
1550196947
-1882320981
-1798214056
-110623309
1187917793
1806898151
-896951412
-2123479593
-2097534579
768834077
1775951884
1851316796
941626395
-524940674
649069120
205469087
138082415
-1720861050
-1231809435
-151121321
309535939
-1076109403
1938872412
537422740
-272931180
-459084767
1752108222
829966059
867397597
1818781242
-1996097741
1537479185
-1875977337
-1321078386
-968310780
-1551525658
-71072481
1108107966
-510299411
1904990133
-759617591
1378985298
1991424312
-1438569030
-1327531916
357342169
354853126
147043300
158281550
-412590508
1902249455
-827999269
1265480826
-1500874027
-1981714739
1906883395
-1538104320
1259215970
-48401195
-1910167742
1529322757
-2075116514
-130938906
-1592392640
-347008965
881541290
-322624475
2129079789
-893124198
197308360
1143655625
9542535
1796567375
210097729
1196253235
1468081244
42819572
1884981769
2076088641
108234894
-240279038
-1961923936
1741083106
-902249962
-846334333
-163101766
2123193069
892920330
-816425717
1602582049
1808661806
1411644962
1882957544
-719484198
-247662654
359985784
-1896718440
-806988666
2013007780
414710670
-1832015749
-1967963381
-1550285689
-99455851
-2131160119
1939656051
-214761755
-1567029780
-56227131
-1068820973
2112867159
-489246746
1122331442
-335270673
1524561703
-356672048
-1585903610
1181848669
1601249827
-1655104207
-462421667
-1020859417
-1148773965
1463194963
740042672
372106613
343380270
1491106562
1797119558
1736042667
709331816
2066627731
103231721
-1201141616
-1324922481
1037593127
1005457629
-1852428433
-720448713
1106288177
-690950898
-291068671
686975922
1037101621
1647319431
1060328140
1622706341
-686896175
-1766737365
-91854139
-195027497
1027206657
-1043520354
-723233732
1432310348
233781917
-1588204157
1804403448
-324013422
-330498009
42865900
-430367583
1249915994
1130180547
-1597372914
-314994594
1391697737
550958982
1764253236
-1691974466
1573465872
-1276560142
-896880906
695517147
511247033
1188281281
-501502038
-1537806916
1085091140
170708193
-1467837927
1975675131
1193180018
-1978787392
967470709
1027959207
-770227489
2017640393
-1811940726
-1411989909
-1133801898
-1355438035
-612958156
-1064995857
-891864224
134682598
466372368
1081151102
531094814
790412280
2073027958
-270976536
2090956888
-303057415
-909169498
1704858537
610954453
185625812
-1175149504
746091338
79437804
-1836046903
535283961
-943467257
-1336198053
-42161737
685605516
-2094413135
-1665950890
-1223001443
786793709
1058608853
1881221859
508452190
491786436
-1645160930
-458201756
-1854981181
-573913319
-1586865417
-1665782155
-825908538
1489667147
1666359156
474491128
-57777907
-758942138
-1169264270
429644397
-995489356
-368057868
1232256252
1071918982
-495231153
-226931725
1378654448
-374721030
1494412078
-1705052023
696973793
-367583335
-723106590
-1783630124
381038399
896721568
-751448576
-610391227
-1367372107
-1451488434
1647044132
-397210289
699789778
-1015901514
1139596089
1933970522
1334962666
888721110
343874038
1616891901
358010430
-812986391
-1427676501
219465581
645138522
-1988247815
827131453
-564872145
-414956866
-1535241801
-1967755410
2010405909
-700555840
-2053331058
1060011105
-737087897
1044795056
929571829
-987272099
-1916950433
654986557
143727108
284714448
-1035119398
674951958
1248648522
-1784751977
-1321057459
-265080364
-208401443
-1799536516
2014949877
-930135274
1226253745
-1016787969
1447503698
1769993965
-1382759123
-305026215
-1022923051
-510000006
639782139
-1307112515
1192897751
28786902
-223273185
1898316512
-1444135475
-2055610319
-5787317
-894603589
866931898
1734354237
-905506192
-209252977
-546927388
1700340428
871019928
-741649879
-1596267830
-2035190857
1975096818
2039986279
-728905644
1882787074
-566425554
877092346
2094090316
-571371971
306367755
-1047141523
-1216844531
-1264143316
1756707117
-954148507
1959648889
-1345793622
1668122163
1329348137
-1266554065
-1023708470
-55467767
-598552732
-1479315203
1229491774
-24114822
-1705823190
75126932
537585916
560043784
1043809080
2031196282
-945254370
-1696450817
-1060968065
-1389759676
-1302295287
-993069113
-1754499869
336454915
-2013448239
-771164806
-1523038401
1557296126
1986972636
1092746166
1634612652
-1411917663
-1318575420
70316211
-1280370685
1956130998
810662273
-1390846569
-1739240289
-1647201838
411395015
1683138568
-1653394329
687673105
1141330349
-336539389
-865146101
1742210565
286739343
1786367211
1047183244
-1697167638
1463765044
2117060837
-828493566
-791532513
-1590509262
187298146
-2051312743
-294783791
-500930160
169512444
549044700
-1175095559
-277992787
473597574
-1407386059
-1314554745
1589742433
-272652963
-2024314700
-834322465
-1277893279
1086597892
980053263
1432730500
1491340520
31164144
-1766339351
-1390821102
-375304558
-1896265313
1665444439
430181233
983426954
-1442012178
-658229601
1001898055
-33596441
-469497940
-86505150
-1900342098
1405701971
1410448745
911237948
-2126313177
1046070253
-2092727404
-401153399
-1174769459
1160766320
-116618556
-1575851541
-812271667
1458812564
797074261
1123762410
-23585515
-1439207756
151171127
-1610436580
46551883
1221666224
1711321858
1939971494
661503232
-1774831596
-1105787572
672525826
1348909093
1546624377
-999615682
-1907446527
1361816765
1020322603
439692133
-1887223021
1992676051
991014155
-333891643
