-2145675067
-2144784395
-2143783483
-2143296412
-2143052670
-2142974946
-2141836829
-2140910525
-2140587752
-2140222255
-2139590663
-2139060305
-2138359137
-2137252577
-2135737594
-2135587930
-2134949523
-2133694314
-2133310826
-2132321898
-2131389696
-2131160119
-2129385791
-2129203160
-2129119600
-2127568545
-2126772930
-2126313177
-2126121876
-2124748524
-2124417009
-2123479593
-2123467976
-2123214898
-2122147797
-2121781338
-2121481997
-2121166328
-2121162266
-2120077874
-2120063979
-2118632090
-2116194660
-2114969101
-2113435763
-2112360713
-2107843052
-2107763796
-2107512253
-2106823422
-2106520530
-2104462344
-2104395771
-2104196809
-2103849769
-2103566776
-2103334288
-2101967704
-2099796434
-2099771530
-2097657574
-2097538923
-2097534579
-2094585110
-2094413135
-2092955700
-2092727404
-2091933087
-2090862703
-2089443531
-2088506542
-2085541452
-2082961944
-2082783486
-2082426166
-2081546580
-2081292288
-2081124852
-2080615086
-2078288909
-2078005826
-2077847978
-2077184510
-2076608469
-2076359980
-2075394505
-2075116514
-2071130589
-2069087253
-2067717573
-2063793109
-2063007987
-2062729042
-2061956947
-2061209641
-2060749032
-2059868373
-2059711229
-2056833056
-2056182379
-2056004801
-2055610319
-2055378047
-2054141107
-2053331058
-2051312743
-2051007056
-2047461961
-2047128179
-2046978297
-2046161249
-2045539425
-2039978344
-2039401411
-2038050067
-2037167041
-2037073847
-2036252319
-2035710787
-2035688169
-2035437035
-2035340269
-2035190857
-2033724770
-2033399003
-2031016361
-2030637877
-2030326291
-2030063482
-2028471593
-2028137531
-2027596857
-2026673394
-2025363369
-2024587183
-2024314700
-2024087645
-2024066538
-2023423035
-2023272716
-2022239703
-2020992076
-2020744753
-2020483901
-2019990494
-2019621364
-2019325766
-2018606307
-2017752246
-2016996856
-2016125750
-2015734750
-2015692789
-2014539044
-2013448239
-2012634691
-2012185791
-2010061897
-2007373932
-2006915075
-2004266658
-2003321056
-2003008397
-2001492016
-2000883398
-2000229753
-1999757444
-1997818127
-1996097741
-1994697639
-1994515490
-1994386429
-1993989036
-1992537624
-1992330374
-1991595129
-1990423440
-1989080402
-1988689698
-1988262140
-1988247815
-1987704134
-1987258582
-1985919613
-1984346216
-1984282228
-1984198027
-1983617739
-1981714739
-1980076502
-1978787392
-1977487989
-1977301263
-1976177503
-1974329328
-1973937922
-1972986576
-1972819760
-1972578070
-1970837813
-1969272140
-1969062858
-1967963381
-1967755410
-1965967480
-1965825648
-1963925314
-1962267788
-1962147710
-1961923936
-1961764466
-1961063177
-1960554713
-1960340772
-1960323895
-1960166764
-1956373173
-1955741955
-1955288844
-1954789147
-1953187464
-1952634405
-1952567265
-1952360765
-1951190618
-1950533082
-1948476271
-1947314075
-1946149075
-1945850559
-1943582177
-1943047633
-1941630474
-1940356944
-1940025537
-1939997472
-1939167236
-1938491692
-1937799583
-1936811104
-1935101768
-1934239077
-1932095002
-1931812648
-1930611274
-1930462380
-1930254532
-1929725267
-1929378048
-1928634450
-1927022137
-1926931845
-1925347697
-1925144640
-1923986383
-1922409405
-1920998563
-1920498233
-1920015186
-1919539539
-1917934163
-1917880293
-1916950433
-1915838279
-1915510687
-1915425463
-1914816505
-1914364053
-1914168008
-1913969604
-1912073197
-1911992261
-1911691395
-1910763665
-1910226155
-1910167742
-1909206411
-1907966265
-1907798411
-1907446527
-1906898457
-1903910237
-1903007792
-1900342098
-1900285623
-1899629278
-1897133143
-1896718440
-1896507862
-1896483206
-1896395891
-1896265313
-1895623261
-1893991861
-1893864026
-1893606184
-1893259982
-1890934259
-1890700585
-1890577626
-1890318458
-1887223021
-1886738408
-1886413739
-1883747000
-1883181075
-1882928535
-1882320981
-1881711867
-1881698978
-1881302084
-1880280020
-1879883957
-1878313755
-1877379986
-1875977337
-1875866422
-1875745533
-1874218305
-1873450730
-1873202697
-1872782912
-1872750646
-1872486600
-1872448237
-1872172094
-1871951873
-1871079719
-1870051181
-1868719954
-1864871126
-1862641458
-1860631014
-1859670786
-1858253036
-1857031835
-1856531741
-1856347697
-1856190596
-1854981181
-1854449589
-1854024535
-1853627972
-1852975626
-1852560230
-1852428433
-1851010833
-1850898825
-1850825783
-1850564577
-1849456825
-1849445618
-1849258640
-1848184571
-1848168872
-1848105981
-1847950375
-1847046931
-1846716350
-1846137627
-1845816096
-1844271667
-1843946824
-1841894153
-1841333548
-1840728455
-1839364861
-1837920377
-1837255093
-1836046903
-1834674643
-1833781292
-1832624005
-1832015749
-1830232183
-1829114588
-1828558854
-1826493063
-1826017315
-1824735342
-1824019572
-1823439608
-1823329916
-1822681808
-1822595677
-1821898286
-1819747351
-1818314523
-1815301322
-1814235038
-1811940726
-1810876323
-1810558870
-1809945668
-1809816633
-1809219973
-1807868158
-1807500442
-1807147950
-1806800669
-1805852890
-1803829824
-1803322003
-1801885517
-1801821221
-1801247658
-1801075625
-1800875880
-1800336189
-1800332761
-1799536516
-1799088293
-1798214056
-1798128198
-1797644979
-1795037748
-1792312784
-1791753375
-1791529518
-1790710158
-1790536791
-1789439256
-1788320419
-1787908466
-1786391785
-1785697388
-1785313928
-1784980656
-1784751977
-1783630124
-1783447961
-1782860636
-1781141991
-1780941349
-1780793118
-1780203371
-1779856935
-1779591969
-1778483218
-1778090829
-1776727067
-1776601357
-1774862036
-1774831596
-1774507601
-1771122495
-1770943691
-1770739872
-1770554876
-1770037536
-1769953958
-1769628948
-1767957434
-1767456468
-1766737365
-1766339351
-1765758658
-1762987381
-1761323024
-1758930536
-1758476598
-1756813229
-1756315331
-1756084172
-1755754675
-1755446317
-1755323886
-1754793566
-1754499869
-1754331696
-1753907625
-1753762455
-1752950459
-1751208422
-1750655424
-1750105517
-1749992708
-1749515256
-1748816223
-1747620262
-1747385877
-1747212424
-1747211690
-1745771690
-1744300342
-1743810281
-1743773255
-1743728957
-1743165071
-1742351964
-1740810197
-1739459033
-1739240289
-1738505754
-1737636531
-1736977733
-1735705308
-1735532577
-1735287347
-1734768410
-1734675849
-1734052210
-1728796580
-1728279483
-1727979962
-1726322649
-1726093754
-1724878598
-1723201447
-1722076441
-1721696200
-1720861050
-1720745611
-1719917743
-1719851258
-1715594235
-1715347647
-1714317871
-1713403525
-1711254948
-1710280424
-1706807913
-1706041358
-1705823190
-1705408837
-1705258461
-1705052023
-1703918052
-1702944321
-1702732960
-1702570075
-1702172499
-1700128815
-1698997789
-1697610152
-1697167638
-1696475648
-1696450817
-1693650812
-1692390488
-1692261501
-1692062851
-1691974466
-1691646152
-1691412739
-1690739280
-1690669163
-1689762908
-1688717083
-1686637600
-1682820666
-1682509839
-1680857630
-1680488656
-1676846876
-1675419054
-1672112326
-1670132745
-1669526422
-1669389316
-1667528863
-1666046839
-1665977925
-1665950890
-1665782155
-1663914111
-1662490304
-1662262777
-1661313553
-1660412122
-1658632929
-1658365734
-1655104207
-1654886790
-1654862338
-1653411984
-1653394329
-1651653661
-1649674052
-1647771809
-1647452847
-1647201838
-1646652930
-1646054618
-1645470234
-1645160930
-1640967046
-1640742454
-1640618154
-1638509506
-1637703311
-1637603575
-1636915169
-1636363413
-1635030721
-1634858970
-1634656855
-1634438970
-1633886847
-1632690820
-1631684851
-1630661165
-1630359453
-1629623962
-1627960510
-1627227244
-1626173718
-1624104990
-1622947351
-1622598968
-1621170282
-1619290698
-1619045685
-1618745124
-1618729778
-1617302401
-1615923912
-1614034235
-1613188860
-1612424131
-1612333009
-1611526396
-1611052873
-1610621847
-1610436580
-1608792391
-1608038615
-1605407914
-1605154701
-1604580773
-1602378829
-1601174527
-1601095240
-1600188184
-1598279377
-1597968918
-1597482899
-1597451450
-1597372914
-1596901734
-1596394907
-1596267830
-1595869853
-1595097702
-1595068589
-1594553058
-1592392640
-1590654645
-1590509262
-1590334292
-1589526808
-1589039424
-1588266517
-1588204157
-1587729593
-1587283209
-1586865417
-1586592794
-1585903610
-1585044019
-1584883127
-1583689372
-1581258317
-1581216553
-1580484381
-1579717965
-1579415500
-1579142276
-1578188695
-1577439507
-1577043584
-1575922480
-1575851541
-1575728800
-1572693981
-1571169583
-1569375942
-1567997113
-1567746492
-1567029780
-1566954495
-1566896697
-1566665476
-1565902034
-1565130663
-1563267208
-1561734785
-1560171469
-1558604400
-1553142651
-1552464462
-1551525658
-1551045644
-1550285689
-1548404255
-1547530419
-1547456651
-1547328708
-1546848582
-1546629094
-1545817614
-1545040544
-1544556210
-1544533610
-1543913113
-1543442661
-1542481067
-1542433426
-1542297606
-1541951901
-1538622105
-1538509578
-1538118836
-1538104320
-1537806916
-1536847943
-1535241801
-1533419188
-1531213688
-1528445943
-1527165185
-1526512220
-1526034855
-1525420346
-1525094819
-1523038401
-1521903754
-1521596747
-1521285926
-1520517837
-1520001300
-1518125449
-1517510431
-1516452010
-1515542661
-1513942369
-1513370451
-1512951386
-1512943584
-1509536258
-1508620116
-1507681003
-1507315852
-1506664946
-1506504365
-1504470735
-1504025235
-1502668186
-1502170369
-1500960671
-1500874027
-1500677170
-1497058630
-1496898458
-1496789892
-1496322066
-1496220725
-1496168224
-1491005962
-1490581903
-1490154194
-1488468323
-1488387306
-1487625327
-1486797265
-1486648951
-1486335790
-1485808292
-1484754012
-1484745599
-1484379744
-1484230621
-1483963972
-1483566092
-1481779656
-1480020845
-1479602006
-1479315203
-1478696477
-1478259033
-1475493495
-1474456805
-1473444970
-1473166370
-1472765589
-1469107673
-1468094572
-1467837927
-1467554252
-1466692941
-1466046825
-1465145350
-1464984979
-1463695506
-1461918565
-1461393627
-1460836385
-1459378382
-1458959789
-1458953140
-1456958855
-1455098987
-1454350350
-1452566552
-1452370285
-1452165581
-1451488434
-1447042016
-1446835526
-1446650912
-1446267643
-1445034104
-1444827346
-1444636561
-1444135475
-1443461372
-1442700216
-1442418106
-1442012178
-1441125144
-1439207756
-1438569030
-1438423093
-1437439667
-1437088979
-1436019425
-1435849582
-1434254333
-1431030010
-1430341629
-1428532588
-1427676501
-1427350219
-1426981488
-1425541790
-1425378153
-1425098600
-1424786373
-1424731522
-1424123870
-1423314403
-1423132585
-1422688330
-1422116218
-1421999430
-1421224479
-1418509441
-1418254982
-1417559766
-1416694779
-1416244085
-1415577311
-1414898342
-1414877497
-1414815358
-1414270118
-1413728645
-1413220440
-1411989909
-1411917663
-1411772515
-1411499135
-1411240637
-1407386059
-1405812292
-1405663951
-1405416992
-1403652262
-1402693980
-1402384459
-1402361355
-1401892833
-1401712580
-1399985309
-1399506819
-1398466383
-1397162779
-1396688647
-1396582590
-1395912894
-1394885025
-1394871497
-1394782316
-1394600206
-1394117196
-1393093782
-1391307037
-1390943267
-1390846569
-1390821102
-1389759676
-1386871526
-1386088713
-1385802878
-1385486267
-1385382293
-1385116635
-1384502351
-1384170753
-1383949963
-1382759123
-1381213532
-1379327460
-1379168315
-1379017494
-1377906138
-1376626569
-1376031505
-1375530288
-1375038380
-1374063001
-1372877119
-1372439295
-1372089237
-1371681157
-1371147836
-1369020109
-1367372107
-1367087911
-1367068000
-1366673908
-1366114868
-1365198872
-1364522085
-1362807460
-1362727382
-1361822230
-1361009065
-1360715887
-1358428661
-1357637814
-1355438035
-1355320683
-1355121369
-1352848108
-1352618190
-1350062559
-1349758071
-1349311994
-1348325584
-1348105803
-1348027498
-1347279253
-1346602219
-1346429185
-1346324781
-1346115355
-1345793622
-1345737940
-1342977575
-1340878901
-1340233642
-1340119959
-1339385812
-1339022118
-1338453425
-1336198053
-1335052233
-1331310712
-1331280759
-1328494482
-1327531916
-1327103998
-1325663819
-1325130353
-1324922481
-1324730581
-1324225013
-1324167021
-1321686384
-1321078386
-1321057459
-1320644435
-1320054560
-1319511657
-1318723158
-1318657613
-1318575420
-1318486922
-1317979085
-1317447864
-1317144170
-1314894398
-1314554745
-1313963400
-1313791718
-1312660161
-1310629738
-1309156310
-1308520265
-1307413485
-1307112515
-1307042952
-1305839989
-1304339872
-1302894809
-1302345152
-1302295287
-1301203562
-1300925258
-1300186723
-1299945079
-1299695931
-1299155046
-1298549828
-1297627188
-1295641826
-1294479666
-1293969833
-1293072343
-1291183594
-1291115445
-1290572981
-1288473288
-1286272216
-1284179387
-1284068830
-1283331673
-1283155302
-1282655909
-1280768607
-1280370685
-1279458206
-1278869687
-1278294088
-1277893279
-1277654675
-1276560142
-1275544047
-1275063232
-1273141732
-1272736825
-1272707456
-1270790893
-1270704915
-1270253084
-1269979848
-1269358102
-1268646291
-1268430817
-1267834692
-1267122166
-1266943373
-1266554065
-1265846654
-1264143316
-1263934829
-1263113511
-1263076548
-1262609184
-1262108681
-1261054206
-1260019201
-1259500328
-1259002638
-1258171464
-1257378876
-1256428991
-1256338809
-1256180542
-1255804649
-1254773107
-1253914199
-1253116432
-1251911159
-1249875583
-1247842946
-1247814056
-1247248143
-1247148159
-1246064503
-1244981071
-1244292825
-1244110325
-1243351380
-1243069593
-1242922916
-1239557980
-1237039581
-1235269733
-1232569835
-1231809435
-1230986306
-1230756176
-1229967203
-1229867539
-1228701706
-1228457219
-1228125562
-1227095655
-1226427535
-1225922420
-1225116290
-1224234470
-1224027148
-1223001443
-1221618372
-1220893964
-1220592492
-1219440381
-1219438045
-1218955719
-1216844531
-1216729848
-1216623558
-1213704707
-1213634044
-1213247253
-1212444830
-1209841475
-1209109292
-1209095871
-1208565151
-1208187501
-1207232723
-1206826007
-1201141616
-1200484213
-1200009963
-1199861218
-1199585025
-1197803651
-1196465983
-1196228424
-1195454519
-1195453136
-1194872889
-1194797655
-1194701265
-1194379660
-1192436171
-1191192853
-1191163666
-1190647266
-1189338272
-1188413678
-1187041427
-1185705483
-1185548158
-1185504319
-1183982201
-1183557595
-1183503595
-1182105564
-1181913643
-1180615825
-1180366373
-1178741499
-1178005650
-1176272030
-1175149504
-1175095559
-1175081907
-1174769459
-1174676896
-1174482710
-1170154152
-1169264270
-1167486733
-1167265547
-1165616121
-1165137581
-1164032714
-1162767431
-1161167477
-1160854237
-1160829931
-1160422130
-1158879850
-1158512325
-1157897604
-1157573611
-1155602783
-1154505403
-1154092546
-1150056280
-1149026229
-1148773965
-1147844553
-1147749405
-1147499605
-1146656147
-1145882257
-1144983920
-1139004684
-1138985543
-1137890480
-1137495515
-1137450102
-1135924478
-1135464822
-1134985154
-1133801898
-1131757431
-1131429106
-1129421022
-1128491714
-1128285539
-1128273877
-1126661524
-1126588578
-1124639900
-1124543468
-1124309323
-1123660564
-1122547714
-1122299495
-1121227708
-1120098519
-1119899397
-1118067782
-1117022163
-1116989552
-1116848332
-1116292315
-1115953707
-1115616816
-1115263204
-1115219721
-1114336044
-1112768239
-1112422279
-1111739327
-1109592206
-1109222719
-1109148355
-1108974303
-1107267726
-1107222923
-1105787572
-1105724315
-1104536940
-1101781095
-1101223699
-1100755196
-1098398286
-1098309917
-1097220836
-1096013599
-1093959183
-1093116652
-1091381455
-1090364630
-1089538108
-1088805045
-1088742190
-1086977982
-1085932640
-1085868667
-1085854784
-1085378513
-1085375851
-1085113702
-1083840495
-1083401606
-1083052745
-1082652366
-1082503666
-1082337025
-1081797247
-1081754908
-1080778131
-1080705437
-1080363812
-1080135322
-1078842515
-1078601805
-1077867070
-1077690586
-1077050558
-1076984180
-1076426385
-1076109403
-1075509475
-1073844809
-1072479547
-1072234958
-1071005585
-1069192194
-1068820973
-1068294408
-1067930337
-1067575674
-1066067289
-1064995857
-1063480014
-1063010883
-1060968065
-1060691901
-1060059779
-1059556237
-1057450115
-1056928400
-1056502672
-1054522175
-1053614357
-1052263860
-1050422067
-1047141523
-1047003661
-1046388718
-1046282347
-1043520354
-1041315561
-1040507164
-1039076815
-1038228274
-1038152012
-1037311743
-1035119398
-1033958855
-1033863303
-1033814304
-1033638908
-1032471971
-1028376677
-1027841550
-1026911982
-1024414300
-1023708470
-1023542860
-1023323031
-1022923051
-1020859417
-1020759792
-1018155540
-1016787969
-1016285064
-1016135876
-1015901514
-1015505545
-1014010633
-1013132500
-1012434160
-1010246661
-1009869461
-1009482031
-1005373460
-1004993383
-1003770914
-1002552473
-1001895683
-1001327411
-1001191630
-1000028513
-999615682
-999073706
-997796583
-995489356
-993075710
-993069113
-990937032
-989625937
-988613743
-988458755
-987419077
-987272099
-987224937
-986797660
-985956147
-985589316
-984992855
-981173675
-980476684
-979463535
-978628800
-978163052
-976394902
-974672464
-974605734
-973905887
-973546260
-973033778
-972999259
-971943413
-970862113
-970530556
-968624389
-968310780
-968143040
-967867203
-967628572
-967343326
-966177439
-966012844
-965975016
-962318524
-962026022
-961592024
-961122584
-960448019
-955166599
-954239329
-954148507
-953099424
-951785776
-951549645
-949410019
-949180843
-949174226
-948283128
-945876874
-945779125
-945254370
-944965912
-943719208
-943467257
-941055579
-940545787
-938780845
-936886443
-936436161
-935655139
-935413509
-935178225
-933868416
-933416735
-930135274
-926630963
-926377811
-925463533
-925036748
-924605011
-923235802
-922818033
-920052842
-918324200
-916554952
-915325600
-915005472
-914170409
-913071670
-912836022
-911655435
-909169498
-909143038
-908178064
-907265345
-906818830
-906554904
-906114311
-905981243
-905506192
-902695349
-902249962
-901314001
-900962593
-900488733
-899601281
-899426895
-898593047
-898208610
-897998786
-897089397
-897052457
-896951412
-896880906
-896790551
-895553490
-895089831
-894894474
-894603589
-893562686
-893243412
-893124198
-891864224
-891548151
-889946882
-889337945
-888148330
-887380896
-885123928
-884853472
-884667191
-880335160
-877741668
-876223557
-876187192
-874983756
-874283230
-873297281
-870317995
-870174134
-870166678
-870047234
-868992976
-868477030
-867207217
-867187497
-866788887
-866396831
-865146101
-862304560
-862191079
-862119566
-859820624
-859543687
-859137127
-859076724
-858677188
-858432487
-857792590
-855425278
-854648667
-854414369
-853655196
-853280621
-852559862
-851611513
-849881024
-849043522
-848616724
-848221813
-847504272
-846334333
-846264748
-845170528
-843881359
-843081703
-842958792
-842238189
-841935589
-841569318
-840646785
-840466668
-838853693
-836830360
-836059834
-835816636
-834322465
-832792604
-828493566
-827999269
-827503348
-826069435
-825972096
-825908538
-824380230
-823740178
-823709109
-823607887
-823503680
-822609765
-820655929
-819948922
-819442972
-818874868
-818298327
-818122283
-816425717
-814943036
-812986391
-812542858
-812271667
-811334526
-811230250
-810833500
-810217312
-810215136
-809531414
-809118177
-807779916
-806988666
-804811548
-803223844
-803181912
-802612519
-802533510
-800944788
-800377999
-800310220
-799956924
-799695687
-797941654
-797264169
-795937528
-795493153
-794949201
-794374391
-793427692
-793204753
-791532513
-790864205
-788637130
-787946909
-787437103
-787198336
-785766483
-784860235
-784585712
-784002253
-783485058
-782669673
-782533712
-782127964
-780749038
-779279810
-779228168
-776711399
-776118399
-775003586
-774035468
-772181374
-771164806
-770732135
-770227489
-769370814
-769348256
-767487238
-767235402
-766690526
-766667548
-765898721
-764144345
-763842003
-762960724
-762730667
-762452256
-759909020
-759617591
-758942138
-757741003
-751448576
-751375281
-750619266
-750020819
-749512155
-748234377
-747221983
-746278477
-743959638
-743391464
-742874176
-742519816
-741800779
-741649879
-741206605
-740003021
-739568922
-738366542
-737742648
-737693241
-737087897
-736829148
-735565223
-734921492
-734712148
-734434188
-734272744
-734226456
-734184006
-733164915
-730409985
-730170069
-729003552
-728905644
-728827003
-728737658
-728709245
-727257979
-726864051
-724253668
-723233732
-723106590
-722532046
-722504127
-720448713
-719484198
-719333541
-716446587
-714808745
-714537411
-714416983
-714025958
-712710119
-712058648
-710940670
-709880482
-708776589
-705005420
-704569775
-703899309
-702067410
-701577653
-700832881
-700555840
-699235775
-698472389
-697791522
-696987179
-696938705
-696141760
-694107570
-694090898
-693373061
-692697144
-692217800
-691825552
-691412780
-690950898
-690209871
-689589791
-689113179
-687988668
-687027927
-686896175
-686477541
-686028729
-685161395
-684898704
-683658634
-683160630
-681908593
-681327554
-680659341
-679151030
-677494316
-677235169
-676221413
-675854367
-675364253
-673648195
-671270054
-670630148
-666841533
-665718898
-663455115
-662785964
-662421445
-662118560
-661208529
-660709892
-658812577
-658776545
-658229601
-656343108
-655633850
-654217766
-654058155
-651960797
-650776194
-650129525
-649352851
-649110409
-646851062
-645317695
-644650487
-644494238
-644060301
-643956641
-643537537
-642327114
-639925831
-639643941
-636797725
-635253242
-634408599
-634322261
-632351612
-632181156
-631944659
-631848471
-631843542
-631357384
-630999955
-629943066
-629883029
-628044233
-626386575
-625331889
-624159863
-623201557
-621780689
-621570175
-620762537
-620406758
-614294385
-613856665
-613777133
-612958156
-612644426
-612448895
-611895481
-610725303
-610391227
-609179045
-606192415
-604839425
-604790351
-602752826
-602231082
-602159095
-601949138
-599139740
-598552732
-598430172
-595777539
-593214339
-592507837
-592466214
-590988038
-590281899
-588149574
-588058402
-587905499
-587441335
-587260375
-586858627
-586619870
-586387280
-586020814
-585625080
-585613507
-585601688
-585314669
-585241385
-583841802
-580477575
-579070362
-577827800
-575920632
-575344332
-573913319
-572389955
-571802329
-571489268
-571371971
-569841743
-569492908
-568924051
-568643629
-568218056
-567996044
-567060904
-566425554
-564872145
-563779378
-563708570
-563644653
-562951635
-562943329
-555283558
-554612836
-553280936
-553086228
-553017890
-552330487
-552257894
-551904452
-551240943
-550148539
-549577349
-548965710
-548225478
-548097232
-547881478
-547176973
-547131332
-546927388
-546473570
-545804206
-543016331
-542906987
-542884711
-542488819
-542347669
-541867673
-541821918
-541557577
-541410342
-541394677
-541066835
-540920092
-539986861
-537269268
-537174872
-536275027
-535744258
-534261283
-532494196
-531818608
-531166333
-526387433
-526015434
-525895605
-524940674
-524760749
-524358496
-524339108
-524291245
-524286845
-521754386
-521401287
-520327518
-520265081
-519995005
-519415635
-518049275
-517864346
-517509863
-517140988
-516979640
-516925903
-515956280
-515260263
-514976758
-514391817
-514295777
-512564212
-510299411
-510000006
-509003027
-506385297
-504480379
-503594036
-502871487
-502265464
-502258133
-501502038
-500930160
-500916281
-499544400
-499539533
-497870645
-496937187
-495231153
-494898998
-494648586
-492897939
-491051180
-489583318
-489481107
-489246746
-489191869
-488222701
-487864898
-487701909
-487361827
-487022905
-486700776
-486074374
-486032534
-485966559
-485405724
-484971137
-484174460
-483432547
-481941539
-481868054
-481114397
-479700960
-477252025
-477226411
-473196350
-472682549
-472525228
-472256967
-472067677
-470860857
-469838557
-469497940
-467204926
-466304393
-465941452
-465464953
-464444345
-464337756
-462421667
-460923446
-460728779
-460635255
-460354687
-460219501
-459464284
-459084767
-458201756
-457738087
-456199958
-455768052
-455412367
-452712030
-451252015
-448561130
-448526928
-448408619
-447712177
-447052593
-446703115
-446539390
-445166306
-444136836
-442741567
-441454923
-440287049
-439466420
-438299622
-437307786
-436994490
-435171304
-435043318
-431977646
-431226261
-430367583
-429491675
-429420778
-428703552
-426325181
-425900228
-425717477
-425339977
-425266074
-425087355
-424182188
-423497299
-423281359
-422960746
-420919178
-417873451
-416843956
-415743162
-414956866
-413886831
-413585053
-413026306
-412623273
-412590508
-411654026
-410161125
-409909601
-408451490
-407932210
-407080619
-406005993
-403450560
-402529275
-401153399
-400957284
-400490259
-398608226
-398360865
-397655197
-397607484
-397541832
-397514094
-397210289
-396237510
-396146139
-395937465
-393578862
-393440457
-392671864
-389875608
-386332642
-385317691
-383870502
-382735971
-382044387
-381788609
-381646303
-381459574
-380583161
-379727027
-379278639
-378563482
-377640227
-376439978
-375304558
-374935548
-374721030
-374685871
-372585413
-369788846
-369597662
-369342040
-369277605
-368057868
-367611755
-367583335
-364917062
-363348496
-361538220
-360197163
-357777228
-357034137
-356672048
-354826754
-354117755
-353981749
-352773974
-351982258
-350937984
-350863368
-349715120
-349581622
-347778184
-347617519
-347098448
-347008965
-346799020
-346386277
-342696736
-341876765
-341764754
-341758854
-341337101
-340126283
-338609963
-336539389
-336486071
-335748761
-335465562
-335270673
-335058200
-334671088
-334286396
-334060393
-333891643
-333426450
-332985198
-331480487
-331446082
-330952368
-330866060
-330498009
-330362984
-329092517
-326725970
-326690857
-325713591
-325592341
-324562543
-324013422
-323220846
-322624475
-322290515
-321447899
-321322970
-320938030
-317186682
-316678859
-315022511
-314994594
-314414017
-314265020
-314114576
-314005287
-313336291
-313332610
-312394665
-307969539
-307716011
-305718627
-305026215
-304479478
-303858535
-303057415
-302842695
-302716727
-302311684
-302225295
-301466005
-300928463
-300499595
-300299155
-298450173
-297055288
-295485496
-295273546
-294783791
-293977340
-293781298
-292530097
-291679512
-291068671
-290182818
-290149892
-289584761
-289187992
-289043509
-288628561
-287066692
-285543263
-284445139
-283452738
-280374103
-277992787
-275564934
-274708959
-274132385
-273370258
-272931180
-272682858
-272652963
-271214591
-271050936
-270976536
-269219088
-265945718
-265682285
-265265559
-265080364
-263592590
-262230265
-260584627
-260202054
-258063895
-257696724
-257003831
-253161123
-251928650
-251055386
-247992796
-247662654
-247147354
-246979509
-246610430
-243228522
-242901594
-241463292
-240279038
-239359341
-239344016
-237413533
-236420928
-233830507
-233659738
-232630375
-232111120
-229809536
-229667370
-229239762
-228302066
-227729917
-226931725
-223273185
-222968574
-222966932
-222553258
-221674681
-219675814
-218645764
-217957088
-216667920
-214761755
-214759877
-214550742
-214480912
-213399321
-210617462
-209252977
-209055735
-208943942
-208401443
-208382737
-207224594
-205946697
-205644551
-205589141
-205136087
-203515568
-203256023
-203248287
-203148131
-200332685
-200312211
-200139284
-198252725
-197568344
-196481783
-195886007
-195642226
-195463651
-195027497
-194323897
-194242673
-194089374
-193401866
-192117161
-191623361
-191464283
-190549015
-190438334
-189221915
-188120921
-188091162
-187348329
-186580143
-185077272
-184743085
-183721307
-182963598
-182943151
-182399695
-182034222
-181315516
-179126091
-178859971
-178119667
-177747798
-177340533
-171214085
-168293683
-166951582
-166368955
-166058322
-164029795
-163992766
-163101766
-160917306
-160065105
-157859311
-157673616
-157070138
-155714800
-153976879
-153514318
-153437373
-152995151
-152699276
-152339333
-152270880
-151597518
-151473034
-151121321
-151119037
-148820327
-148039718
-148000369
-147695572
-147620936
-146120441
-145499506
-142724958
-142427080
-142001336
-140999386
-139810138
-139660431
-139644690
-138444614
-136597069
-134764134
-133250754
-132699795
-130938906
-130830838
-130237460
-129356062
-127376514
-127219389
-126562698
-126486599
-124699904
-123345021
-122113377
-121985744
-121690912
-118930435
-118796634
-118622506
-117682868
-117037152
-116618556
-116293908
-115987988
-115791897
-115253281
-114940846
-114487002
-113966114
-113807087
-112224200
-111036531
-110623309
-109003976
-108749695
-108601382
-107990929
-107987390
-106351658
-105753497
-105655006
-104796394
-104651540
-104507964
-103760931
-102673284
-102020634
-100375459
-100180987
-99455851
-97539589
-95605160
-93852172
-93259367
-92785509
-91854139
-91504652
-91296550
-91271162
-90759771
-90230049
-89236016
-88814060
-87805681
-86505150
-86459607
-85198711
-83769590
-82532337
-81913928
-81328500
-79035150
-77571260
-77256203
-76876070
-74233300
-73926650
-73880554
-73080430
-71072481
-70012225
-68812072
-68294099
-68115665
-67521797
-64938430
-62886878
-62560873
-59878345
-59565192
-58244180
-57777907
-57541487
-57449417
-56514818
-56503139
-56227131
-56111249
-55804808
-55467767
-55298701
-54004630
-51467573
-49152299
-48401195
-46887605
-46259818
-43519875
-42161737
-40326238
-39258805
-38714615
-37837659
-36980112
-36031956
-34668320
-33596441
-31692326
-31611744
-31490190
-31072746
-29600504
-28814072
-28770512
-27327582
-24635998
-24114822
-23970238
-23585515
-21136056
-20864814
-19626014
-18710409
-17536154
-17155379
-16992334
-16236761
-14965062
-14378832
-14326948
-12393883
-11787874
-11385431
-8654578
-8023623
-7894137
-6997564
-5787317
-5091846
-4689423
-3751404
-3464721
-3287239
274527
543321
2466970
4562058
4706720
5136782
7402852
8347392
8642848
9542535
11020487
11517735
11538946
11889989
12027962
12414006
14306475
14827451
14896143
14896694
19640452
19761595
20823607
21472691
21482886
27670952
28089904
28257768
28786902
29849316
30410303
31013903
31164144
31278880
32368303
36336859
36836790
37767720
38913584
38981378
42298425
42798898
42819572
42865900
45340344
45521348
46551883
47722557
48375574
49108704
49921105
50616948
53454621
54174328
54809204
55694586
55799758
56462156
57203600
57464482
58198072
58619199
59217924
59995751
61561828
62714337
63588055
64327322
65194990
66897477
66933480
67921601
69210868
69854445
70316211
71316511
71549319
72568172
73200316
73559867
74613236
74995975
75126932
78603016
79188672
79437804
79440620
80333090
81739775
82473666
83816390
83982644
85988231
86070335
86327345
86956118
87839533
89082777
89884850
90566242
91902566
92064865
92283713
94933354
95579274
95749446
99534969
100109612
100847553
101706619
102781404
103231721
103369551
105295497
107851000
108234894
108611224
110226931
110271231
110665280
111582135
112132010
112486214
112587484
113567317
114214745
115208056
115370362
116793718
117437878
117614714
117968115
120379070
120379790
120698626
121181457
122095364
124274243
125827447
125844148
125994996
126581413
128008093
128380784
129898666
130269412
132349579
134031726
134603925
134682598
134728528
136019933
136074992
136469948
136489417
138082415
138428683
139443595
140909249
141368416
142201281
142947981
142951598
143727108
144276738
144872880
145738855
146477954
147043300
148014017
148136599
148438467
150530093
150716446
151171127
151418727
152741186
152840141
153245480
153352273
154348458
154803316
155060051
157831972
157962420
158079834
158281550
158655529
158699516
159697513
161125778
161623174
161975793
162340922
163234105
163499115
164503377
167263480
167680021
167799729
168493802
168542162
169512444
169601531
170168087
170277448
170708193
172075616
173415684
173570831
174417676
175742133
176073085
177604342
182791646
182927853
185446106
185625812
186207071
187298146
189841462
191654703
191929547
194950201
195417985
195906483
196262594
196529155
196919644
197308360
199486739
201193358
201832676
203137462
203295246
203448775
204390080
204589074
204996942
205469087
206383109
206419002
207653820
207793851
207947586
210050213
210097729
210826923
211716275
211898420
212581264
213057631
213323900
214557016
215417974
216121654
216479803
216664909
216793272
219465581
221193643
221837204
221966918
222616906
222751155
224136788
224728071
225102412
227295158
227524729
227617241
232126902
233781917
237485357
239294835
241149446
242081102
244309053
245603023
245981371
247275564
247722255
248490032
248538566
248578388
248661642
249187943
249204834
251111801
252030511
252317840
253563639
254416425
257966531
258758943
258880148
261249241
262108764
264613290
266133622
266488897
266980017
267103212
269041314
269537349
272831137
274033943
274099595
274157731
274545387
274614007
275057710
275092030
278914126
279136579
280091126
281057687
281125370
281472711
281790652
281885714
282141193
282554568
283210914
284714448
285344911
285569290
285877687
286739343
288840349
289350774
295783241
299376902
300852537
302378409
303027163
303515143
306045847
306367755
307314835
308109071
309535939
311558250
312679284
313877371
314525689
316955882
317301805
317397951
317530573
317599173
317634068
319560542
319722547
321854980
323289250
325806141
326376017
328249484
328650282
329038725
330548557
330806546
333160445
334015576
336454915
336885248
338275979
340050288
340215508
341066392
341130203
341247602
341999245
342851853
343380270
343648670
343874038
344347533
349363874
349412607
350033003
350933977
351049324
351870440
352494630
352967375
353013307
353053803
354853126
355288133
356708501
357342169
357873955
358010430
358437633
359985784
361294989
361491776
362573074
363309378
363926097
364079665
364856316
364916378
365149700
365639252
365768394
366254629
367393007
367980943
369663704
370294658
371186332
371704541
372106613
372890006
374057659
375675464
377664100
380270561
381038399
381385547
381402828
383357059
383522921
383680753
384560647
385548542
386102474
387508806
388914472
389106084
392009621
392463635
393105252
393410809
394053964
394148610
396186135
396462492
396619510
396636979
397378784
399660390
401243146
401382412
401797622
401801132
402266602
402922422
403444464
404154353
405165275
405221612
405646487
408053575
408366651
409593287
410258927
411395015
412075776
412659811
412756889
413470869
413575596
413792500
414710670
415749610
416665348
416710481
416887146
417639752
418687609
421074301
423325343
423752880
424216900
425215030
425286950
425667220
425785748
426550458
426915484
427457062
427827174
428037581
428654286
429241210
429543277
429644397
430181233
430326507
430824214
431859067
435959923
437189414
438861554
439154173
439692133
440584362
443961778
444233817
447624542
448316773
450095840
450531820
450582812
451374323
451529641
452492865
453484793
454114140
455149989
456547190
457015677
457184245
457786044
459785296
461893522
462302762
465372337
466372368
467681463
468395321
471970027
472908560
473597574
474491128
477992568
478126510
478645770
480833052
483069828
484174829
484448903
485711797
486636091
486699825
486819811
487013001
487319571
490834384
491259619
491342603
491786436
491950629
492449044
492925721
493565643
495108610
495357393
496519899
496670680
499021712
499918784
502107806
502708140
502814554
503769807
504156933
504916465
505988865
507035123
507310872
508452190
509142409
510680417
511247033
511392762
513060224
513684172
514531189
515891608
517100866
517407578
517900509
518100497
518568264
518763404
518768710
519864060
520042245
520714774
521358359
523953456
525346176
525360570
526130386
526300967
526401098
526916331
527147924
528025522
528156131
528908781
530501393
530748319
531076875
531094814
531819988
532310621
532415240
532855579
534339213
535283961
536054026
536269382
537422740
537585916
538398847
540555546
541361835
543625999
546629000
548168295
549044700
550233390
550958982
553623187
554283320
555152404
555258739
556320936
556811865
557596586
559019481
560043784
561268607
561994006
562174137
563002265
564489858
564628923
566592591
567163379
569779358
570043626
571147049
571979668
573674285
575590545
576873790
579413401
579787703
584311891
584459618
586073909
586941827
587083227
587469919
589526606
591439749
591460208
591835229
592772237
594256486
595085369
595648131
595851614
596088635
598981844
600120501
600141765
600414080
600957624
601363037
601527569
601615424
601624456
602026095
603065224
603517390
605079811
605196578
605879344
607592233
608103953
608740091
609347143
609673149
610954453
611037505
611263486
613016311
613016958
614615810
615334592
615465652
616968818
617164625
617884906
618107461
618265965
618419085
618790137
618946864
620340998
620711307
626139669
626715214
626972407
627715134
627747921
628343007
629873735
631394463
631854918
632331304
632401928
634189158
635098215
636537347
636908135
639257870
639734434
639782139
640646123
642845433
642948102
645138522
645336028
647047043
647386833
649069120
651320646
652027484
653554462
653635408
654986557
655957679
656999420
659143748
659186976
659930787
660100331
661435497
661503232
661736624
663576563
663878100
664426318
667956076
668065098
669581368
670303630
670419411
671237774
671603554
671667899
672390581
672525826
673592510
674951958
678377587
680719278
681560908
682191127
683350556
683724781
684414880
685605516
686138723
686285130
686975922
687673105
688599809
688699702
689009744
689339529
691368547
692497685
692583499
695007357
695517147
695926142
695985082
696132605
696180124
696767865
696973793
697629322
697769381
698964039
699169840
699789778
701871626
703802466
703817213
703907719
704566460
704984172
705230703
705610464
705714043
707026243
707145276
707478418
707641436
708931684
709331816
709881178
710241208
711143373
713267442
713526061
715234735
718049309
718433508
718874702
719806145
726152583
726407602
726636697
729624985
730650014
730711074
731660682
731739784
733346287
733689598
733730869
734066303
735038856
735258769
735682393
736332062
738182898
738807530
738983777
740042672
741130589
741131490
742030447
742779560
743414764
745143762
746091338
746434543
746758433
747108302
748922916
749002869
749146474
750597282
751299900
751723011
752579656
753245986
754144237
754177798
755420898
757447013
763142711
763144366
763314052
764212112
765801993
767938801
768597244
768834077
769119305
770102546
771363537
771992726
772970586
774172099
776789798
778937667
780011920
780099506
783147803
783447899
784000388
784513424
786793709
787078918
788041558
788528356
790412280
790710263
792295448
793594995
793708896
794161893
795395470
796384798
797074261
797607822
798377727
801140840
801210503
801921504
802197974
802366694
802942675
803864333
805306949
805995610
806255085
808422476
809134929
810249724
810662273
810705524
810993383
811276569
811617454
811675431
811760971
811762259
812989071
813020725
814074246
814180359
815132056
815269928
815674650
815904375
816118711
816855160
817209452
817847160
818652783
820003783
820588679
822064159
822717236
824646203
825124790
825985854
826083447
827131453
827398460
827911711
828126621
828666952
829645491
829966059
830289415
831215606
831322892
834704228
835341938
836373997
837312019
837962778
838968632
839413886
841111894
841226610
841587833
841672236
842226917
845683097
846306898
849253323
851801906
853291431
853314133
853484748
853825292
853903512
854373355
855704248
856798640
859072980
859084032
859291350
859358694
861180529
861223228
861552177
863772585
863983556
864607787
864944257
865670055
865866263
866667667
866931898
867128786
867251112
867397597
867535664
871019928
871034533
871161199
871726502
872269088
873021091
874661612
874914618
875457824
875481005
877092346
877930177
879929251
880715401
881038046
881541290
883489578
883745289
884950123
886570709
887026811
887480981
888721110
891391262
892216914
892920330
893175333
896128405
896424501
896721568
897371155
901161609
901937760
902738995
905114202
907120751
907378711
907871515
908182785
908450051
908628972
909158268
910524822
911237948
912209850
913661757
914230402
916248349
916531493
917348585
917502091
920403187
921423877
922015025
924037600
924576710
925121288
926525147
926893487
927574876
929286758
929476426
929571829
930482840
930527710
930670059
931688813
932228008
934666318
935244966
936442063
937543755
938322465
938384225
939811803
941058664
941525086
941626395
942184113
942486126
945214665
945907281
947568012
948684994
950513783
951568471
951875745
952058654
954177623
954289621
954985205
955389944
955834327
956278175
956946164
957547892
957979282
959341671
959948128
961268904
961354132
961562432
962675995
964187039
964731045
964918935
966541144
966990765
967470709
967728979
967771809
968075362
968853232
969587644
970740462
971583125
976321633
976834346
980053263
980559316
981557083
981924839
982504835
982609371
983426954
986577990
986903592
987694512
988126845
988383077
988830107
989758567
989872457
990006264
990416505
991014155
991986135
992315201
992516649
992821656
992835319
995966200
996675913
998140720
999645142
999853664
1000170791
1001023923
1001070786
1001898055
1002160375
1002335337
1003733417
1003835837
1004569915
1004935330
1005126547
1005457629
1006051019
1006208244
1006724095
1007033294
1007836064
1009709788
1010215575
1010424304
1011448514
1012167926
1012382755
1012812320
1013244282
1014572200
1016191694
1016509048
1016541944
1017215397
1017592930
1018341870
1020322603
1020808663
1021290121
1024480885
1025277152
1027206657
1027221194
1027959207
1029348310
1030665525
1031665549
1032112680
1032350825
1032651167
1034388234
1034539305
1035474721
1036674297
1037101621
1037593127
1038458534
1038746647
1040292592
1040501979
1040718154
1041147529
1043809080
1044177657
1044466315
1044795056
1046070253
1046343432
1046431710
1047183244
1048106960
1048327925
1049800233
1050880168
1050936391
1050938221
1051141857
1052918205
1055220326
1055561618
1055596258
1056140523
1056567367
1056632560
1058608853
1059433659
1059492859
1060011105
1060328140
1060761534
1062522831
1062730679
1065239716
1065468704
1066793208
1068229088
1068304657
1068891470
1069362118
1070513248
1070730982
1070740411
1071163076
1071918982
1073031207
1073166545
1074385433
1074616303
1074775458
1075840805
1075932424
1077239256
1078127883
1078733147
1078908332
1079958600
1081151102
1081287016
1082468389
1082727228
1085037197
1085091140
1085946755
1086597892
1087206659
1087315917
1087821489
1087856145
1088538892
1088720980
1092054545
1092406240
1092746166
1092849452
1093268783
1094697987
1094831671
1095605907
1095769384
1096390718
1098617532
1098995241
1100825926
1101797467
1102871711
1103250934
1106288177
1107019843
1108107966
1108321809
1108635617
1110646412
1111609021
1111723043
1111922086
1113035228
1114543064
1114659298
1114821582
1115352356
1121343534
1121950586
1122331442
1122587161
1122946872
1123187462
1123757509
1123762410
1126525014
1126841957
1127468239
1128209313
1128895059
1129896865
1130180547
1130219763
1130292391
1133276858
1133436902
1135739251
1136254235
1136871092
1137537670
1137824791
1137828445
1138318812
1138470976
1139596089
1140004877
1140031728
1140623681
1140626874
1141330349
1141709691
1142139782
1143655625
1144667905
1147493726
1147943237
1150714699
1151094657
1151715677
1153604700
1153776863
1154007103
1154865464
1155138551
1155995389
1156579954
1158949252
1159559976
1160766320
1161114269
1161341604
1161491753
1162186201
1162634227
1165015331
1165388283
1166008997
1168272743
1169129974
1169178599
1170107701
1170417245
1170664787
1172197224
1172665673
1172731962
1173477008
1173593039
1174915217
1175190692
1176328674
1176484106
1177618157
1178064598
1178678755
1179088576
1179689213
1180385871
1180691312
1181605271
1181848669
1182187173
1182945221
1183824439
1184039721
1187917793
1188281281
1188331040
1188611267
1188685107
1189667950
1191245833
1191291916
1192291710
1192897751
1193180018
1195140133
1195331937
1195484040
1195937637
1196253235
1197167136
1198775892
1199017945
1200087820
1201039015
1203225781
1205579006
1206201563
1206218179
1207713825
1208583925
1210016078
1211023030
1211986865
1212577514
1214491121
1214578867
1216122849
1216646340
1216791769
1216827211
1216912034
1218169617
1218231594
1218645059
1219048775
1220762089
1221666224
1221918122
1222432444
1222507177
1223972211
1224521332
1226253745
1226981797
1228266040
1228648543
1228826010
1229073253
1229491774
1230664579
1231228161
1232256252
1233541096
1233669548
1235362836
1235450941
1237286654
1238657745
1239104546
1240236641
1242122060
1242327157
1242344567
1242880234
1244675251
1244826526
1245220565
1245224347
1246375049
1247560001
1248648522
1249915994
1250878459
1252471813
1252653260
1253680274
1254924821
1254941700
1255081601
1256487033
1258459651
1258497837
1258805021
1259215970
1259296080
1259385338
1260386198
1261025325
1262652310
1265096889
1265480826
1265753539
1267146640
1267307046
1268308661
1269059434
1271329309
1271960734
1272054562
1272656161
1273591845
1275037065
1275554597
1276256966
1276322989
1277963209
1278327252
1278392066
1278575787
1278664062
1278923524
1279426220
1283426795
1283556474
1284374749
1285443920
1285603657
1287313435
1287452750
1290716498
1292814875
1293261628
1296888624
1297570709
1300190251
1301269995
1301525363
1301623077
1303011848
1303401261
1303789383
1304103791
1304845141
1306360461
1308061847
1308259772
1308824409
1310059949
1310333391
1310377803
1311581990
1312839763
1314762222
1316485761
1318206680
1319150908
1319482569
1321206001
1321513704
1322176870
1324096384
1324418412
1324802483
1325044758
1326800424
1327207740
1327680884
1328136912
1328175190
1329348137
1329552027
1329646334
1331417917
1331770730
1331792564
1333169304
1334294205
1334669376
1334962666
1335368281
1335493813
1336313709
1338586444
1339896469
1339899978
1341505390
1341970148
1343138578
1343841876
1344752159
1345670659
1346471301
1347220676
1348534868
1348909093
1348910871
1349456868
1351318221
1351656494
1352202142
1353907738
1354593648
1354609113
1355149258
1357274057
1357318060
1358694490
1361028720
1361251671
1361665897
1361816765
1362045388
1362986364
1363773017
1364615703
1366245981
1367852973
1368752865
1369056466
1370519575
1371821742
1372823058
1372988155
1373288815
1375604275
1376417615
1376743153
1376916108
1377049686
1377915352
1378654448
1378985298
1379948835
1380427180
1381835363
1384672914
1385138502
1385172221
1386295453
1387211113
1387546477
1387931148
1388813826
1389181374
1390180916
1390415657
1390607093
1391697737
1392835472
1393725973
1393997784
1394092208
1394532571
1394580574
1394684579
1398242130
1398899004
1399856313
1400427192
1401153592
1401183476
1401583265
1403463403
1403524038
1404243354
1404256328
1405701971
1406598856
1406874709
1407735884
1408004408
1410448745
1411644962
1411715795
1412078781
1412359703
1412630613
1414338570
1415534009
1417194743
1417498355
1419167943
1419460734
1421180171
1423181416
1425596402
1428446088
1430341179
1430471747
1431462983
1432052765
1432198401
1432310348
1432730500
1432823342
1433226471
1434443671
1435108020
1435855807
1435910275
1437153118
1438047559
1438542974
1439678299
1443303454
1443704520
1443935832
1444217958
1444300831
1446048399
1447411938
1447503698
1447857096
1449226181
1451031712
1451940831
1452085888
1454451254
1455447940
1458403034
1458812564
1459344056
1460154376
1460350331
1461347729
1462633643
1462638237
1462747798
1463194963
1463765044
1465322652
1466584927
1468081244
1469716309
1475501873
1475686049
1475742110
1476810162
1477841771
1478447453
1478560788
1479776333
1481158194
1485169863
1485199988
1485211424
1485365527
1486266353
1487409301
1489667147
1491106562
1491340520
1492385135
1492426995
1494412078
1494523595
1495850274
1496413162
1498485847
1500889681
1500964616
1501168809
1501351914
1501487881
1502665627
1502983668
1503131977
1504844618
1505095630
1506164026
1506925809
1510593987
1510724488
1511352528
1511773510
1512763258
1512919366
1513227838
1514337751
1514858845
1515241132
1516959124
1517624200
1518158000
1523190924
1523424664
1523477267
1523528610
1524003726
1524561703
1525497531
1526127203
1527677905
1529322757
1530004180
1530407577
1533437088
1533709634
1534117203
1534255417
1534939070
1536621932
1537479185
1540434504
1540472623
1541256906
1541813558
1542040725
1543112894
1544788865
1545110093
1545457039
1545817046
1546110866
1546496180
1546624377
1547959191
1548187084
1549129223
1550196947
1551724787
1553097887
1553796674
1554318336
1554785316
1555075155
1555953615
1555983031
1556386480
1556691547
1557296126
1557297295
1557426484
1559243998
1559460045
1559980929
1560362790
1561955820
1564027536
1564201023
1564750294
1565448725
1566841005
1567883099
1568059584
1568383018
1569104649
1569131861
1569477166
1569923963
1570744427
1572232509
1572262092
1572869550
1573081692
1573465872
1573923612
1573932659
1574139793
1574489252
1574592186
1575033581
1576273100
1576462932
1577890732
1578549356
1579179388
1579200539
1579449889
1580146833
1580473633
1580867627
1581145036
1581595457
1581799198
1583353885
1585647778
1586521678
1588929631
1589742433
1590316284
1590406715
1591363814
1592976852
1593930773
1595537782
1596262748
1599447454
1599808229
1601249827
1601435751
1601455145
1601482596
1602582049
1603828574
1603837719
1603883763
1604172569
1606056545
1606316494
1606497040
1607228646
1607548191
1609068438
1609621550
1609673761
1610091221
1610766891
1614767967
1616197648
1616857902
1616891901
1617015690
1617336446
1617640008
1618759528
1619206874
1619576142
1619775579
1621147366
1621263483
1621461602
1622087402
1622706341
1623133140
1623847914
1623879614
1624272137
1624405417
1625515940
1626134279
1627934623
1628547872
1628584942
1629098763
1630557742
1631351804
1631644259
1633797715
1633890131
1634027663
1634612652
1635716955
1636829217
1637761110
1638164868
1639073363
1639259383
1639737623
1640429316
1640858725
1641938603
1642529547
1644593393
1646140213
1646946378
1647044132
1647319431
1648948637
1649941478
1650089976
1651680611
1652004406
1652225162
1655843103
1656480431
1656691579
1659140514
1660846787
1661060613
1662012115
1663178102
1665251354
1665444439
1665778836
1666144428
1666299601
1666359156
1666397282
1666683101
1668122163
1669408174
1672637373
1673077791
1675114786
1675592203
1675987989
1676467037
1676471637
1679539959
1680171376
1680339182
1680484493
1681678219
1682451167
1683005573
1683138568
1683640498
1683815826
1686811918
1687285810
1687690467
1689867495
1690035761
1694003578
1694078525
1695350895
1696396844
1697348674
1700340428
1700455397
1700870839
1701176657
1701249390
1701370499
1701906559
1703084034
1704539866
1704852705
1704858537
1706869306
1707481071
1709348959
1709557246
1711321858
1711345729
1711488652
1712189310
1712557795
1714303247
1715381398
1718837947
1719620104
1719824443
1719991092
1722352598
1724165615
1724575624
1725550736
1726271562
1726387116
1726788473
1728704145
1729133571
1731209005
1732396840
1734354237
1735452525
1735647895
1736042667
1736453498
1738456187
1741083106
1742210565
1742229443
1743393090
1744545398
1745982538
1746612846
1748429949
1748870504
1750060917
1752108222
1752455554
1756675032
1756707117
1757186919
1757317975
1759163121
1759489232
1760074607
1760360311
1760493308
1760753667
1762696055
1763223228
1763639980
1763946542
1764194745
1764253236
1765002873
1765736185
1769993965
1770808848
1771916908
1773835809
1775772785
1775951884
1776602215
1776709592
1779113828
1779901725
1780962442
1783842106
1784077921
1784603613
1786367211
1788768281
1789948017
1790227799
1792393603
1794756091
1794886339
1794909420
1795594261
1796567375
1796615183
1796663308
1797119558
1801084520
1801584877
1801887365
1802417270
1802879225
1804403448
1804407074
1805041478
1805431538
1806075231
1806898151
1807538849
1808277429
1808661806
1809622209
1811574779
1812017893
1812360612
1812730475
1812998531
1813556379
1814924871
1815737439
1816110161
1817179384
1818224828
1818230081
1818284981
1818781242
1820927841
1821197947
1821319362
1823141747
1823791142
1824074409
1824730471
1824901803
1826016192
1827153789
1828289979
1828935325
1829399872
1831742855
1832045855
1832235285
1832688613
1832789111
1835445265
1835488311
1838528413
1839742065
1840764486
1840787402
1843212448
1847011066
1851045456
1851316796
1851338387
1852827569
1853212768
1853466226
1853916087
1854285104
1854286830
1859377066
1860199906
1860288370
1860878755
1861739802
1862745074
1863324988
1863618106
1865492864
1865544953
1866151583
1866589147
1868332804
1868683891
1870459060
1872628477
1874208745
1875285883
1875507740
1877259760
1877347769
1877814943
1877997480
1879677373
1879944550
1880132528
1881221859
1882665662
1882787074
1882957544
1883866723
1884136272
1884322772
1884375790
1884641083
1884981769
1888016604
1889900031
1892205834
1892916900
1893063232
1893319786
1894112781
1894710774
1896180593
1896824704
1897069294
1898316512
1898912840
1899118545
1899368822
1899565750
1902249455
1902296713
1902461969
1903119997
1904990133
1906883395
1907634052
1907997669
1908069769
1908315481
1908652528
1910693588
1910994049
1912755901
1915638439
1915727739
1917795079
1918480478
1918924829
1919682782
1919858679
1920002105
1920767622
1921993573
1922351253
1924172512
1925267069
1927031191
1928395681
1929518330
1930219170
1930235371
1930527828
1930792445
1932163968
1932674022
1933477669
1933970522
1933988491
1934008549
1935459132
1938223548
1938872412
1939496468
1939656051
1939971494
1940401839
1940960899
1941690871
1943258295
1944285602
1944752626
1945924224
1946348081
1948190311
1949511332
1949598830
1950332546
1950996029
1951132124
1953635345
1955154166
1956130998
1957299407
1959648889
1961393237
1961455821
1962293792
1963150214
1964757529
1965177093
1965966442
1967040537
1968110303
1969529720
1971000524
1971646695
1971714887
1972968259
1973183725
1974898205
1975096818
1975532068
1975675131
1976962088
1977945754
1977985270
1978145885
1978369837
1979904731
1980022615
1981888482
1983027418
1983261650
1983927845
1984474376
1984891509
1985029963
1985507763
1985871244
1986200561
1986972636
1988698491
1989996878
1990848805
1990938427
1990956791
1991424312
1991435964
1992676051
1995767967
1995776802
1996157897
1999856315
2000097983
2000101483
2002458989
2003178176
2003744545
2005440415
2006144072
2007534533
2008233767
2010405909
2010503311
2010957684
2012043299
2012128660
2012311115
2013007780
2013964170
2014498858
2014638580
2014813446
2014914552
2014949877
2014977380
2015937958
2015991392
2016131056
2017296865
2017640393
2017716995
2019329698
2020121742
2020352105
2020638944
2021342528
2022405372
2022981413
2024890967
2025378274
2025393677
2025527806
2026731980
2029107557
2029701214
2029912762
2030713760
2031196282
2032640353
2033224261
2033658569
2034178658
2034939935
2035523181
2037183993
2038598431
2039773279
2039986279
2041631083
2041939211
2044413530
2044885173
2047047273
2047278046
2048420400
2048777612
2048885966
2049611508
2049630527
2050961800
2051487381
2051672553
2051673081
2051787225
2052377328
2053508568
2053924088
2055078126
2055280472
2055722026
2055724991
2056619192
2056696023
2058188327
2060270991
2060424120
2060580591
2060680597
2061448236
2061521574
2061680848
2061693030
2062151605
2062848895
2064677696
2066627731
2066704084
2067359752
2067600482
2068155488
2068957161
2069421635
2070993668
2073027958
2073471813
2074165237
2074323413
2075971386
2076088641
2077438331
2079468906
2079871948
2080529968
2081943533
2083354091
2084557260
2086373116
2087551854
2087764223
2088088192
2089026681
2089112803
2089132635
2090033982
2090956888
2092982675
2093413245
2093812777
2094058179
2094090316
2101368821
2101492068
2102291979
2104693748
2105046447
2105838515
2105918100
2106381112
2106795589
2106922791
2109517602
2109663527
2110040175
2110556696
2111122565
2111795711
2112237378
2112867159
2114840944
2114981813
2115421008
2116501605
2117060837
2117479083
2117808632
2118012520
2120545814
2121095459
2121551417
2122796898
2123193069
2124055566
2124419906
2128246311
2128951226
2129024268
2129079789
2129624128
2130315046
2130619605
2131187379
2131833196
2132135833
2132537855
2133251136
2133279575
2134538072
2136194840
2136730309
2136866730
2138966317
2139231148
2139959182
2140468611
2140537787
2140588174
2140710784
2141193716
2142085573
2142225553
2143107250
2143422263
2143943600
2144202704
2145270981
2145741666
2146339295
